2 1
652 1
1 2
1454 2
1666 2
2544 3
1016 4
1761 4
2176 4
1629 5
1659 5
2546 5
1042 6
1416 6
1602 6
208 7
269 8
281 8
1996 8
723 9
2614 9
476 10
1839 11
1001 12
1318 12
1810 13
158 14
2034 14
2075 14
2668 14
1090 15
1093 15
2367 15
970 16
1632 16
24 17
927 17
1315 17
1316 17
2140 17
1560 18
1786 18
2082 18
2145 18
1939 19
1072 20
2269 20
2270 20
2374 20
2375 20
1043 21
2310 21
39 22
1234 22
1702 22
1703 22
2238 22
2159 23
17 24
598 24
1636 24
2139 24
2141 24
1301 25
1344 25
2011 25
2317 25
123 26
2454 26
2455 26
606 27
1810 27
2360 27
2578 27
1687 28
963 29
2645 29
697 30
738 30
1358 30
1416 30
2162 30
2343 30
1594 31
518 32
1850 32
1973 32
286 33
698 33
911 33
1051 33
2040 33
2120 33
2121 33
1358 34
895 35
1296 35
1913 35
1146 36
1505 36
1552 36
1640 36
1781 36
2094 36
2106 36
2107 36
60 37
2427 37
862 38
863 38
1160 38
22 39
1349 39
1532 39
1634 39
1965 39
2357 39
507 40
866 40
1364 40
175 41
596 41
644 41
1914 41
87 42
963 43
1530 43
2399 43
2400 43
1582 44
2701 44
1219 45
1986 45
2303 45
2668 45
1604 46
2366 46
163 47
1579 47
598 48
1031 48
2206 48
1666 49
1441 50
710 51
1392 51
2213 51
2214 51
2215 51
1139 52
1467 52
2053 52
1103 53
1739 53
401 54
767 54
60 55
323 55
651 55
787 55
1079 55
1156 55
1983 55
2020 55
2021 55
412 56
2418 57
105 59
609 59
615 59
1067 59
1358 59
1627 59
1725 59
2651 59
37 60
1080 61
1309 61
1416 61
2312 61
485 62
1322 63
1209 64
2616 64
239 65
543 65
771 65
1293 65
1628 65
2418 65
2631 66
282 67
540 67
2628 67
391 68
1358 68
1986 68
604 69
1013 69
1351 69
1914 69
1920 69
1926 69
2189 69
441 70
2691 71
1103 72
1358 72
449 73
558 73
797 73
876 73
1214 73
1723 73
1745 73
1751 73
586 74
1118 74
1416 74
1517 74
2155 74
583 75
2222 75
2223 75
2225 75
88 76
2018 76
2178 76
1803 77
1329 78
603 79
2097 79
257 80
1117 80
347 81
2180 81
1634 82
1520 83
2581 83
284 84
2223 84
2224 84
2226 84
1065 85
2487 85
2488 85
429 86
1336 86
2034 86
42 87
842 87
2164 87
76 88
130 88
162 88
300 88
415 88
498 88
696 88
737 88
841 88
851 88
1309 88
1394 88
1494 88
1658 88
1677 88
1713 88
1732 88
1847 88
1882 88
2010 88
2011 88
2012 88
2013 88
2014 88
2015 88
2016 88
2017 88
2178 88
2394 88
258 89
884 89
1087 89
1094 89
1157 89
1401 89
1585 89
1653 89
156 90
817 90
1358 90
330 91
2001 91
2122 91
2123 91
2380 91
898 92
550 93
1495 93
2151 93
195 94
586 94
733 94
934 94
1649 94
1966 94
2263 94
2357 94
334 95
693 95
734 95
1303 95
1535 95
1580 95
1602 95
1628 95
1838 95
2054 95
2181 95
2199 95
2200 95
2201 95
2217 96
661 97
1521 98
26 99
122 99
123 99
2454 99
2455 99
1602 100
1358 101
109 102
1251 102
1561 102
1623 102
1878 102
2256 102
139 103
306 103
484 103
608 103
1775 103
1790 103
401 104
2210 104
59 105
1721 105
2476 105
2651 105
2461 106
971 107
1113 107
1647 108
2157 108
2209 108
102 109
124 109
153 109
176 109
289 109
306 109
318 109
426 109
459 109
519 109
563 109
1045 109
1337 109
1624 109
1661 109
1769 109
1772 109
1779 109
1785 109
1787 109
1789 109
1998 109
2045 109
2092 109
2094 109
567 110
1262 110
1599 110
758 111
1358 111
1762 111
2492 111
2643 111
306 112
487 112
1623 112
2080 112
747 113
1884 113
610 114
2288 114
2506 114
1076 116
259 117
2537 117
255 118
388 118
446 118
554 118
581 118
842 118
1029 118
1343 118
1507 118
1538 118
1616 118
1690 118
1851 118
2010 118
2112 118
2166 118
379 119
646 119
1537 119
1549 119
1901 119
1959 119
483 120
514 120
816 120
589 121
802 121
980 121
1158 121
1910 121
2251 121
26 122
2454 122
99 123
2455 123
109 124
306 124
1367 124
2478 124
458 125
2363 125
236 126
306 126
1551 126
2079 126
2604 127
233 128
2270 128
441 129
88 130
1982 130
2017 130
2169 131
479 132
904 132
1022 132
1959 132
109 133
399 133
1623 133
1670 133
1777 133
1784 133
2082 133
406 134
137 135
2095 135
2144 135
831 136
2329 137
2504 137
306 138
18 139
103 139
660 139
910 139
1623 139
2045 139
623 140
740 141
2034 141
456 142
525 142
1628 142
2049 142
2181 142
316 143
598 143
1701 143
145 144
213 144
1593 144
144 145
213 145
537 145
1165 145
1593 145
2622 145
897 146
1468 146
1907 146
2059 146
1519 147
1976 147
378 148
381 148
602 148
714 148
2518 148
1080 149
1416 149
310 150
914 150
1942 150
2236 151
2238 151
43 152
884 152
2238 152
109 153
236 153
306 153
459 153
1623 153
2045 153
326 154
364 154
1238 154
1339 154
1358 154
1568 154
1752 154
1753 154
1754 154
817 155
1358 155
1689 155
1736 155
90 156
155 156
817 156
1358 156
1689 156
1763 156
598 157
1701 157
1870 157
180 158
1701 158
2034 158
180 159
2308 159
277 160
743 160
1986 160
2000 160
2009 160
842 161
2010 161
323 162
1174 162
47 163
210 164
211 164
598 165
1473 165
2706 165
2707 165
2617 166
168 167
2437 167
2482 167
167 168
2437 168
1994 169
1067 170
1358 170
790 171
240 172
512 172
756 172
1692 172
687 173
1033 173
1358 173
1586 173
629 174
1358 174
1742 174
2334 174
41 175
955 175
1914 175
2135 175
2217 175
2388 175
1639 177
2679 177
833 178
197 179
231 179
1986 179
790 180
791 180
1020 180
1807 180
2004 180
2037 180
2076 180
1013 181
1359 181
1464 181
1683 181
183 182
997 182
182 183
997 183
1837 183
520 184
1536 186
1672 186
2702 186
1727 188
1262 189
1509 189
491 190
2135 190
608 191
1677 191
2472 192
441 193
458 193
473 194
1050 194
1451 194
2646 194
94 195
429 196
442 196
2122 196
179 197
2412 197
1255 198
420 199
1869 199
1439 200
2676 200
24 201
297 201
570 201
1701 201
2430 201
353 202
1173 202
1250 202
1345 202
963 203
1115 203
1869 203
415 204
1701 205
1869 205
71 206
2691 206
833 207
7 208
2681 209
55 210
1079 210
1614 210
1626 210
1671 210
1906 210
1907 210
2309 210
164 211
1394 211
1908 211
1909 211
1290 212
144 213
1593 213
2192 213
1701 215
1986 215
2045 215
1542 216
1701 216
2474 217
482 218
733 218
781 218
792 218
1020 218
1348 218
2076 218
2091 218
2594 218
507 219
1413 219
1542 219
376 220
817 220
913 220
817 221
744 223
1154 223
1810 224
2034 224
2255 225
1701 226
883 227
322 228
848 228
1721 228
1871 228
1053 229
1894 229
2118 229
549 230
1095 230
1810 230
176 231
179 231
197 231
232 231
387 231
551 231
1868 231
231 232
869 232
1701 232
1864 232
1986 232
610 234
2591 234
109 236
126 236
138 236
153 236
1072 236
1572 236
2045 236
2046 236
2079 236
1828 238
65 239
619 239
910 239
1069 239
1759 239
1909 239
2021 239
2182 239
172 240
512 240
756 240
1472 240
838 242
1131 242
2280 242
217 243
473 243
2474 243
2647 243
2648 243
565 244
1072 244
1358 244
1610 244
782 245
1162 245
1358 246
1687 246
2515 246
2583 247
1264 248
1531 248
1964 248
621 249
1884 249
253 251
507 251
812 251
1300 251
1413 251
1542 251
1933 251
711 252
973 252
1973 252
2485 252
507 253
1413 253
507 254
1211 254
118 255
1266 255
1343 255
756 256
80 257
964 257
1388 257
2180 257
89 258
963 258
1094 258
1153 258
1240 258
1401 258
2645 258
117 259
365 260
873 261
1479 261
1351 262
732 263
844 264
1826 264
1902 264
578 266
2227 266
2229 266
670 267
2000 267
2373 267
1740 268
2451 268
321 269
418 269
2551 269
279 270
838 270
1215 270
2280 270
166 271
1970 271
2387 271
2498 271
2012 272
374 273
846 273
748 274
749 274
1695 276
2133 276
160 277
553 277
973 277
1869 277
1185 278
32 279
242 279
304 279
502 279
666 279
838 279
1195 279
2165 279
2280 279
1535 280
2155 280
8 281
101 281
746 281
1000 281
1347 281
1382 281
2244 281
2247 281
747 282
1559 283
2250 283
84 284
583 284
2222 284
2223 284
2224 284
2225 284
1999 285
33 286
442 286
109 289
1722 289
687 290
1765 290
2359 290
1692 291
2562 292
2038 293
306 294
2047 294
1176 295
732 296
2685 296
185 297
201 297
598 297
899 297
1542 297
607 298
1095 298
1484 299
2383 299
2386 299
88 300
415 300
634 300
1169 301
306 302
350 302
1158 302
719 303
1670 303
279 304
1172 304
1416 305
1927 305
103 306
109 306
112 306
124 306
126 306
236 306
302 306
308 306
329 306
350 306
519 306
554 306
573 306
581 306
608 306
655 306
719 306
887 306
910 306
973 306
1009 306
1072 306
1193 306
1245 306
1346 306
1483 306
1551 306
1584 306
1656 306
1770 306
1771 306
1772 306
1775 306
1781 306
1782 306
1797 306
1798 306
1805 306
2045 306
2080 306
2085 306
2086 306
2087 306
2088 306
2089 306
2090 306
2091 306
991 307
306 308
350 308
1253 308
2045 308
383 309
2268 309
2305 309
875 310
892 310
990 310
1241 310
1272 310
1331 310
1581 310
1815 310
1944 310
1946 310
1947 310
1948 310
1949 310
343 311
1132 311
1610 312
1740 312
2296 313
408 315
1602 315
1921 315
766 316
845 316
920 316
1073 316
1297 316
1821 316
1868 316
2004 316
1624 317
1785 317
563 318
1701 318
2045 318
1205 319
1597 320
269 321
228 322
55 323
162 323
498 323
2020 323
2194 324
1848 325
154 326
928 327
1325 327
1996 327
2063 327
290 328
951 328
306 329
1798 329
2598 329
91 330
1505 330
2123 330
1527 331
2 332
665 332
2615 332
1358 333
1694 333
95 334
1013 334
1701 335
1986 335
1214 337
1358 337
1499 337
1776 337
1413 338
1542 338
813 339
584 340
2463 340
1389 341
1546 341
2045 341
1072 342
1512 342
389 344
441 344
854 344
2323 344
833 345
999 346
1358 346
81 347
408 347
423 347
320 348
1643 348
2248 348
2250 348
419 349
465 349
2427 349
302 350
656 350
1623 350
1775 350
1778 350
1782 350
2084 350
2085 350
2089 350
2090 350
1810 351
310 352
1294 352
1944 352
202 353
1345 353
2507 353
1668 355
498 356
1259 356
2018 356
2116 356
657 357
2642 358
389 359
1483 359
1620 359
1409 360
1824 360
2681 361
1003 363
154 364
263 364
732 364
970 364
1306 364
1358 364
1606 364
1632 364
2642 364
260 365
553 366
745 366
1583 366
1986 366
2083 367
428 368
1194 368
1366 368
1545 368
2249 368
2484 369
128 370
1408 370
1414 370
1415 370
2269 370
720 371
1354 371
1415 371
1441 371
1553 371
2375 371
626 372
1710 372
1834 372
2377 372
1025 373
1042 373
273 374
413 374
846 374
1101 374
2146 374
2147 374
2149 374
963 375
2401 375
2435 375
220 376
672 376
1583 376
1265 377
2291 377
148 378
602 378
904 379
1022 379
1959 379
477 380
930 380
148 381
2518 381
2538 381
309 383
733 383
1704 383
2268 383
1623 384
369 385
2483 385
2484 385
2115 386
2117 386
231 387
519 387
2191 387
1899 388
359 389
704 389
905 389
1077 389
1483 389
1743 389
1108 390
68 391
493 391
1986 391
2365 391
128 392
1415 392
1619 392
1825 392
2269 392
739 393
849 394
1064 394
2351 394
640 395
1147 395
1217 396
1988 396
879 397
1096 397
2329 397
2177 398
133 399
544 399
1089 399
1769 399
2107 399
1354 400
54 401
104 401
1065 401
1096 401
1160 401
507 402
776 402
1413 402
1542 402
1932 402
1936 402
464 403
1383 403
1742 403
2503 403
2654 403
1170 404
738 405
1275 405
1927 405
2059 405
134 406
350 406
2505 406
409 407
695 407
1681 407
1682 407
315 408
347 408
525 408
1841 408
2056 408
407 409
1624 409
1681 409
2084 409
676 410
1179 410
1096 411
2609 411
56 412
1616 412
1849 412
374 413
711 414
204 415
300 415
593 415
818 415
851 415
966 415
1174 415
1309 415
1644 415
1677 415
1843 415
1850 415
1908 415
2014 415
2178 415
1701 416
306 417
1072 417
1871 417
2034 417
2494 417
269 418
349 419
199 420
1869 420
2213 421
2216 421
545 422
81 423
525 423
527 423
2466 425
109 426
306 426
487 426
1772 426
1782 426
1805 426
565 427
1528 427
996 428
2248 428
2671 428
38 429
86 429
523 429
705 429
794 429
863 429
1618 429
1669 429
1807 429
1889 429
2001 429
2041 429
2043 429
2044 429
2130 430
2695 431
1597 432
436 433
756 433
1117 434
1524 434
1693 434
2133 434
2408 434
486 435
733 435
1912 435
424 436
433 436
483 436
668 436
816 436
878 436
1039 436
1332 436
1494 436
1977 436
1979 436
1981 436
718 437
1495 437
1985 437
718 438
1667 438
1983 438
1985 438
1642 439
441 440
725 440
895 440
1296 440
1913 440
70 441
193 441
344 441
440 441
454 441
671 441
1537 441
2094 441
2184 441
196 442
286 442
627 442
698 442
1051 442
2120 442
2362 442
1010 443
1264 443
1531 443
1966 443
488 444
582 444
623 444
828 444
2289 444
2290 444
2464 444
909 445
1434 445
118 446
903 446
1507 446
56 447
1616 447
1849 447
472 448
1824 448
1826 448
1280 449
2538 450
671 451
133 452
306 452
1258 452
1623 452
1806 453
2305 453
2306 453
118 454
441 454
581 454
973 454
1441 454
1917 454
2022 454
2188 454
2189 454
2190 454
1664 455
2147 455
2486 455
95 456
142 456
525 456
544 456
667 456
1580 456
2054 456
51 457
2215 457
2216 457
125 458
193 458
1122 458
1276 458
1555 458
1953 458
109 459
153 459
1623 459
1986 460
1989 460
1203 461
2309 461
1702 463
1703 463
1964 463
403 464
2444 464
349 465
896 465
1403 465
1869 465
1305 466
1358 466
2546 466
1172 467
1701 467
647 468
1311 468
1313 468
620 469
2412 469
854 470
857 470
1115 470
1013 471
2013 471
2394 471
264 472
448 472
559 472
844 472
1182 472
1183 472
1825 472
2029 472
243 473
2647 473
1181 474
2219 475
10 476
306 476
1140 476
1800 476
1986 476
930 477
2569 477
514 478
1978 478
2024 478
132 479
1880 479
687 480
2359 480
2372 480
823 481
1287 481
1810 481
218 482
790 482
1807 482
1814 482
2230 482
2307 482
2308 482
120 483
436 483
816 483
2405 483
103 484
542 484
1367 484
1699 484
1775 484
2081 484
62 485
839 485
1042 485
2219 485
435 486
2077 486
2667 486
2668 486
112 487
306 487
655 487
1705 487
1772 487
1773 487
1782 487
2026 487
444 488
2547 488
1358 489
2390 489
826 490
1879 490
1981 490
2099 490
2105 490
190 491
688 492
1533 492
2673 492
2678 492
391 493
1759 493
1327 495
2192 495
711 496
2419 497
323 498
356 498
436 498
437 498
1652 498
2457 499
2241 500
1358 501
1765 501
285 502
576 503
1692 503
2001 503
2394 504
2396 504
406 505
573 505
1180 505
1258 505
1304 505
1448 505
1560 505
1779 505
2083 505
1013 506
1352 506
1914 506
1918 506
40 507
251 507
253 507
402 507
812 507
1300 507
1413 507
1931 507
1933 507
1936 507
1941 507
2508 507
2325 508
1101 509
2146 509
2148 509
1013 510
1131 510
549 511
1810 511
240 512
756 512
1692 512
565 513
1528 513
120 514
478 514
1314 514
1882 514
1978 514
444 515
623 515
2465 515
2547 515
1882 516
952 517
2105 517
32 518
666 518
1373 518
2423 518
109 519
306 519
416 519
598 519
836 519
1574 519
1670 519
1986 519
1998 519
2045 519
184 520
598 521
2097 522
429 523
949 523
2406 523
552 524
1358 524
2476 524
142 525
347 525
408 525
423 525
456 525
1540 525
1628 525
2054 525
2180 525
2183 525
565 526
1007 526
1216 526
423 527
803 528
1417 529
1419 529
2260 529
1013 530
1505 530
2094 530
1701 532
1863 532
1742 533
2466 533
227 534
609 534
629 534
2392 535
2641 535
567 536
145 537
1165 537
1698 537
2192 537
1286 538
711 539
1616 539
2155 539
67 540
113 540
2527 540
107 541
647 541
904 541
1022 541
1360 541
1896 541
306 542
484 542
1245 542
65 543
984 543
74 544
399 544
1580 544
1769 544
2052 544
2199 544
2347 544
422 545
2127 546
598 547
1701 547
809 548
1523 548
1937 548
2138 548
230 549
511 549
1497 549
1810 549
231 551
524 552
1169 552
1358 552
2201 552
160 553
277 553
745 553
1127 553
1583 553
1995 553
2009 553
118 554
306 554
685 554
1463 555
1623 556
1805 556
1725 557
73 558
876 558
1706 558
2585 558
472 559
1182 559
1579 559
774 560
2526 560
1016 561
704 562
1483 562
1735 562
2450 562
109 563
318 563
1337 563
1701 563
1262 564
2476 564
244 565
427 565
513 565
526 565
687 565
1038 565
1361 565
1528 565
1610 565
1723 565
2279 565
1907 566
110 567
290 567
536 567
631 567
760 567
1116 568
1223 568
1759 569
2512 569
201 570
696 571
1570 571
1416 572
2025 572
2418 572
306 573
643 573
1313 573
2407 573
1692 574
2001 574
2283 575
503 576
574 576
665 576
1810 576
2348 576
394 577
849 577
870 577
906 577
1129 577
2352 577
2353 577
2354 577
266 578
1105 578
1879 578
1974 578
994 579
1134 579
1808 579
1358 580
1742 580
1765 580
2444 580
2445 580
118 581
306 581
454 581
1616 581
1623 581
1792 581
140 582
444 582
2548 582
75 583
2224 583
2225 583
340 584
2289 584
2463 584
2464 584
2526 585
74 586
94 586
1218 586
1224 586
2155 586
1032 587
33 588
442 588
698 588
2383 588
980 589
1158 589
1624 589
1441 590
1954 590
642 591
1017 591
1423 591
2472 591
2669 592
415 593
1115 593
1474 593
663 594
2195 594
1016 595
1256 595
2176 595
41 596
644 596
1104 597
1628 597
24 598
48 598
143 598
157 598
201 598
316 598
480 598
519 598
547 598
766 598
869 598
1003 598
1107 598
1297 598
1299 598
1301 598
1473 598
1573 598
1636 598
1821 598
1823 598
1870 598
1875 598
2138 598
1093 599
1271 599
2394 600
2229 601
148 602
378 602
79 603
716 603
1248 603
1873 603
2045 603
1351 604
1652 604
1914 604
2109 604
1107 605
2534 605
531 606
1666 606
2230 606
2361 606
298 607
1213 607
191 608
306 608
1623 608
59 609
534 609
1041 609
2446 609
2447 609
2448 609
109 610
234 610
826 610
2288 610
2481 610
2690 611
341 613
1358 613
888 614
1475 614
59 615
1739 616
2365 616
2503 616
705 617
2034 617
288 618
938 618
65 619
239 619
923 620
2534 620
249 621
1332 621
886 622
1002 622
1951 622
1952 622
140 623
444 623
515 623
584 623
2289 623
2464 623
1232 624
1024 625
372 626
1358 626
2558 626
2122 627
2238 627
1169 628
1725 628
1764 628
2546 628
534 629
883 629
973 630
567 631
2358 631
1430 632
0 633
1701 633
300 634
2227 634
2233 636
1641 637
271 638
783 638
1773 638
2387 638
395 640
765 640
894 640
1090 640
1598 640
2420 640
2704 641
573 643
1167 643
1538 643
2407 643
41 644
596 644
711 644
728 644
1258 644
2177 644
1267 645
1495 645
1824 645
1826 645
1898 645
1899 645
1900 645
1901 645
468 647
541 647
904 647
1360 647
1441 648
1457 649
819 650
1250 650
1486 650
1756 650
2083 650
55 651
885 651
1984 651
2023 651
1 652
1231 653
1 654
306 655
487 655
2080 655
306 656
2090 656
357 657
513 657
871 657
1229 657
1254 657
1740 657
2440 657
2442 657
2522 657
2147 658
354 659
1803 659
139 660
1623 660
97 661
344 661
807 661
935 661
1028 661
1045 661
1353 661
1878 661
1879 661
1880 661
1881 661
1883 661
1884 661
1885 661
932 662
594 663
2195 663
1701 664
332 665
397 665
576 665
2120 665
2122 665
279 666
518 666
1850 666
1973 666
456 667
2472 667
1086 669
1124 669
267 670
2606 670
441 671
973 671
2025 671
376 672
2456 672
1907 673
1986 673
1907 674
94 675
410 676
1955 676
2235 676
954 677
377 678
733 678
1395 679
2199 680
1171 681
1445 681
1986 681
973 682
1224 682
834 683
2169 683
1282 684
1358 684
554 685
1358 686
2366 686
290 687
480 687
565 687
1033 687
1546 687
1586 687
1610 687
1721 687
1725 687
2372 687
1257 688
1169 689
1317 689
1358 689
1721 689
311 690
2034 691
2130 691
95 693
334 693
763 693
1851 693
2108 693
1478 694
2516 694
407 695
1336 695
1681 695
1682 695
1790 695
1998 695
2319 695
88 696
571 696
1570 696
30 697
1080 697
33 698
286 698
588 698
1701 699
129 701
735 701
739 701
2062 701
777 702
822 702
1368 702
2069 702
2101 702
1961 703
2497 703
389 704
969 704
1412 704
1483 704
1743 704
2113 704
2450 704
429 705
805 706
963 706
1240 706
2238 706
2645 706
1358 708
2212 708
2216 708
1896 709
1903 709
1392 710
2212 710
2213 710
252 711
414 711
496 711
539 711
644 711
1285 711
2111 711
2113 711
850 712
1464 712
2480 712
1044 713
48 714
148 714
1385 714
603 716
1810 716
2409 716
437 718
1416 718
2059 718
306 719
1623 719
1810 719
371 720
1034 721
1273 722
1567 722
1874 722
2500 722
2501 722
9 723
1344 724
2394 724
440 725
1104 725
1652 725
2671 726
1386 727
2570 727
644 728
1070 728
2388 728
2553 728
669 729
1159 729
1221 729
1701 729
398 730
901 731
1279 731
2199 731
2203 731
263 732
296 732
364 732
1756 732
2685 732
94 733
218 733
383 733
401 733
435 733
759 733
794 733
862 733
1062 733
1160 733
1192 733
1265 733
1294 733
1329 733
1682 733
1818 733
2008 733
2011 733
2035 733
2268 733
2291 733
2301 733
2303 733
2304 733
95 734
408 734
736 734
751 734
1388 734
1841 734
2197 734
2202 734
2277 734
701 735
739 735
1237 735
1543 735
1881 735
1958 735
2060 735
2061 735
2062 735
95 736
734 736
751 736
964 736
1388 736
1631 736
1841 736
2197 736
2202 736
88 737
415 737
1269 737
1974 737
2136 737
2178 737
30 738
405 738
1080 738
1927 738
701 739
735 739
1237 739
1543 739
1881 739
1958 739
141 740
2033 740
831 741
1011 741
1088 741
1282 741
2093 741
1483 742
1743 742
88 743
160 743
745 743
1239 743
1986 743
223 744
580 744
1154 744
1358 744
160 745
553 745
1127 745
1995 745
281 746
1303 746
113 747
1538 747
274 748
1145 748
1169 748
1358 748
1374 748
1550 748
1732 748
274 749
1333 749
2155 749
1441 750
734 751
736 751
1204 751
2202 751
957 752
2083 752
2451 752
1269 753
1880 753
1358 754
1483 754
1277 755
1898 755
2071 755
240 756
256 756
433 756
885 756
1472 756
1692 756
2186 756
2187 756
1358 757
2421 757
1358 758
1762 758
2492 758
733 759
567 760
985 760
1426 760
1513 760
1401 761
1443 761
859 762
2448 762
707 763
1635 763
796 764
1358 764
1606 764
1612 764
640 765
1147 765
598 766
1297 766
1868 766
54 767
873 767
1701 767
2314 767
1723 768
1724 768
1927 769
2117 770
1080 771
1156 771
908 772
1505 773
560 774
171 775
402 776
1413 776
1542 776
1370 778
1914 778
778 779
1370 779
1592 779
1914 779
1919 779
1973 779
2341 780
218 781
2402 781
245 782
638 783
893 783
1061 783
1143 783
2376 783
960 784
1701 784
1664 785
947 786
55 787
325 787
438 787
1031 788
1952 788
2041 788
2205 788
1240 789
1703 789
171 790
180 790
482 790
1548 790
1810 790
2034 791
2130 791
218 792
1488 792
1558 792
1986 792
2555 792
1896 793
1902 793
1903 793
2592 793
429 794
733 794
863 794
1160 794
1590 794
603 795
1810 795
764 796
1103 796
1317 796
1358 796
73 797
1358 797
1833 797
1381 798
1793 798
1794 798
1795 798
797 800
820 800
889 800
1834 800
703 801
1470 801
1961 801
2516 801
121 802
1307 802
528 803
2100 803
1307 804
275 805
706 805
963 805
2236 805
403 806
1383 806
661 807
1955 807
1956 807
638 808
924 808
1785 808
266 809
548 809
1115 809
2228 809
2229 809
1068 810
855 811
251 812
507 812
1300 812
1413 812
1542 812
339 813
2376 813
893 814
2382 814
2383 814
55 815
88 815
1344 815
2017 815
2018 815
436 816
1842 816
1980 816
2282 816
90 817
155 817
156 817
220 817
221 817
1736 817
1763 817
2456 817
415 818
154 819
364 819
1358 819
1606 819
800 820
889 820
222 821
702 822
481 823
1169 823
1358 823
1765 823
2221 823
1831 824
490 826
610 826
2287 826
2528 826
324 827
1921 827
1999 827
444 828
1795 828
2464 828
661 830
2100 830
136 831
741 831
1011 831
1638 831
2093 831
2600 832
178 833
207 833
345 833
1130 833
1641 833
1678 833
2036 833
2595 833
131 834
683 834
2168 834
1121 835
1134 835
1654 835
519 836
1013 836
1131 836
1343 836
1572 836
2078 836
2403 836
1422 837
2248 837
2670 837
270 838
279 838
1131 838
2280 838
485 839
965 839
2277 839
1903 840
88 841
2034 841
87 842
118 842
161 842
2016 842
2339 843
2542 843
472 844
1902 844
316 845
598 845
273 846
2146 846
2189 847
2422 847
228 848
985 848
1373 848
394 849
577 849
1993 849
2351 849
712 850
1464 850
88 851
415 851
2018 851
1169 853
1358 853
1762 853
203 854
857 854
935 854
1097 854
1884 854
811 855
2493 855
1390 856
470 857
854 857
1097 857
1246 857
2182 858
2502 858
487 859
762 859
1030 859
1199 859
2096 859
1527 860
1397 861
2068 861
2330 861
733 862
38 863
429 863
794 863
1590 863
2210 864
40 866
1049 866
657 867
871 867
1229 867
1252 867
2522 867
2523 867
838 868
1341 868
1844 868
232 869
1701 869
1864 869
577 870
1119 870
657 871
1229 871
2530 871
1413 872
1542 872
767 873
1358 873
1708 873
2313 873
1701 874
310 875
914 875
1950 875
73 876
558 876
834 876
1358 876
2168 876
1176 877
1177 877
1300 877
1413 877
1542 877
1935 877
436 878
2326 878
397 879
1558 879
973 880
1155 881
1199 881
1358 882
227 883
609 883
933 883
89 884
436 885
651 885
756 885
878 885
1039 885
2024 885
2386 885
622 886
910 887
1623 887
1624 887
614 888
1475 888
1556 888
800 889
1831 889
1832 889
1314 890
645 891
1674 891
2608 891
310 892
1950 892
638 893
814 893
911 893
1051 893
2383 893
640 894
1845 894
1187 895
1296 895
465 896
146 897
1156 897
1410 897
1983 897
1836 898
2160 898
297 899
1055 899
1858 899
1986 899
639 900
811 900
1279 901
2073 901
2186 901
1284 902
1358 902
1604 902
2030 903
2031 903
132 904
379 904
541 904
647 904
1312 904
1360 904
1959 904
389 905
1282 905
1483 905
577 906
2351 906
2353 906
1351 907
1916 907
772 908
1013 908
445 909
139 910
239 910
306 910
1623 910
2085 910
33 911
893 911
1051 911
1534 911
2376 911
2130 912
220 913
150 914
875 914
1740 915
2415 915
2597 915
1026 916
2639 917
1098 918
1542 918
2065 918
1358 919
316 920
1893 920
2134 921
1307 922
1406 922
620 923
638 924
808 924
1222 925
17 927
1316 927
2140 927
327 928
2063 928
1358 929
2627 929
2569 930
1433 931
534 933
883 933
1038 933
94 934
451 935
661 935
854 935
973 935
1873 935
1067 936
2515 936
2530 936
2641 936
1180 937
1304 937
2096 937
618 938
2230 938
2173 939
1829 940
2517 941
1196 943
2138 944
1072 945
1512 945
1911 945
2388 945
786 947
695 948
1395 948
1681 948
1682 948
523 949
93 950
437 950
645 950
328 951
1358 951
2546 952
2565 953
2566 953
2567 953
677 954
175 955
1482 955
1914 955
2677 956
1358 957
1557 957
1685 957
1757 957
2083 957
2167 957
306 958
1072 958
1798 958
784 960
1776 960
2650 960
1728 961
2555 961
2599 961
1062 962
1665 962
1807 962
1809 962
1810 962
29 963
43 963
258 963
375 963
706 963
805 963
1094 963
1141 963
1417 963
1443 963
1703 963
1785 963
2240 963
2400 963
2434 963
734 964
736 964
965 964
2198 964
1693 965
2197 965
2659 967
598 968
1603 968
1986 968
704 969
1483 969
1735 969
1743 969
2450 969
16 970
364 970
466 970
1358 970
2365 970
1650 971
1000 972
2247 972
2579 972
2580 972
115 973
252 973
306 973
630 973
671 973
682 973
880 973
935 973
1072 973
2016 973
2019 973
1496 974
998 976
1281 977
1358 978
1303 979
1503 979
1957 979
121 980
589 980
1367 980
1623 980
1159 981
1221 981
1458 982
2175 982
2176 982
2130 983
543 984
848 985
1149 985
1358 985
2697 986
868 988
1507 989
1645 989
2285 989
2436 989
310 990
1054 990
1542 990
496 992
596 992
702 993
2155 993
579 994
1219 994
1329 994
2309 994
1309 995
368 996
2518 996
1837 997
976 998
978 998
2365 998
346 999
1358 999
281 1000
972 1000
2543 1000
12 1001
2662 1001
141 1002
622 1002
740 1002
1952 1002
2033 1002
2034 1002
363 1003
598 1003
1373 1003
1687 1003
1489 1004
734 1006
736 1006
1302 1006
1154 1007
2466 1007
1416 1008
1922 1008
2059 1008
306 1009
2096 1009
443 1010
1966 1010
741 1011
831 1011
695 1012
1336 1012
1681 1012
1682 1012
1797 1012
69 1013
181 1013
334 1013
471 1013
506 1013
510 1013
530 1013
836 1013
880 1013
908 1013
1120 1013
1293 1013
1403 1013
1464 1013
1625 1013
1661 1013
1675 1013
1840 1013
1841 1013
1842 1013
1844 1013
1846 1013
1847 1013
1848 1013
1849 1013
1850 1013
1851 1013
2045 1013
1558 1014
698 1015
1068 1015
1143 1015
1385 1015
1481 1015
1618 1015
1788 1015
1789 1015
2263 1015
4 1016
1256 1016
2176 1016
591 1017
1475 1017
2378 1018
1457 1019
180 1020
2077 1020
2667 1020
2309 1021
132 1022
379 1022
541 1022
1168 1022
1961 1022
1962 1022
1963 1022
1701 1023
625 1024
373 1025
916 1026
1303 1026
2531 1026
2394 1027
661 1028
118 1029
2166 1029
859 1030
48 1031
788 1031
1952 1031
587 1032
173 1033
687 1033
2168 1033
721 1034
73 1035
915 1035
1433 1035
1740 1035
1801 1035
2562 1036
2447 1037
2654 1037
565 1038
933 1038
2503 1038
436 1039
827 1039
885 1039
1317 1040
1358 1040
1765 1040
609 1041
1243 1041
1358 1041
2390 1041
2448 1041
74 1042
373 1042
485 1042
624 1042
1025 1042
1198 1042
1481 1042
1517 1042
1925 1042
2051 1042
2054 1042
2055 1042
2073 1042
2198 1042
2333 1042
21 1043
2309 1043
713 1044
109 1045
306 1045
1571 1045
1773 1045
91 1046
1510 1046
2336 1046
2387 1046
2587 1046
1042 1047
1588 1047
2333 1047
462 1048
1432 1049
1894 1049
2610 1049
1230 1050
1320 1050
1380 1050
1569 1050
1634 1050
2564 1050
33 1051
442 1051
893 1051
911 1051
2122 1051
2383 1051
1701 1052
229 1053
1405 1053
990 1054
1099 1054
1432 1054
1577 1054
1950 1054
899 1055
1577 1055
167 1056
2482 1056
2409 1057
1195 1058
1600 1059
1441 1060
783 1061
1196 1061
2376 1061
733 1062
1192 1062
1810 1062
394 1063
394 1064
2351 1064
2352 1064
85 1065
104 1065
401 1065
1096 1065
2211 1065
1574 1066
59 1067
170 1067
936 1067
1830 1067
810 1068
984 1068
1015 1068
239 1069
728 1070
1072 1070
1167 1070
1358 1070
1470 1070
1829 1070
1135 1071
1257 1071
2248 1071
2671 1071
20 1072
189 1072
236 1072
244 1072
306 1072
342 1072
417 1072
773 1072
945 1072
958 1072
1070 1072
1262 1072
1358 1072
1478 1072
1483 1072
1725 1072
1740 1072
1784 1072
1798 1072
1799 1072
1800 1072
1801 1072
1802 1072
1803 1072
1805 1072
316 1073
985 1073
2163 1073
1676 1074
1124 1075
116 1076
389 1077
2113 1077
2450 1077
591 1078
55 1079
210 1079
1218 1079
1914 1079
149 1080
738 1080
771 1080
2162 1080
2344 1080
1050 1081
2563 1081
2386 1082
321 1083
1450 1083
2114 1083
1421 1085
2109 1085
2110 1085
2394 1085
669 1086
1124 1086
2247 1086
89 1087
2434 1087
741 1088
1089 1088
399 1089
1552 1089
2086 1089
640 1090
1271 1090
2367 1090
1256 1091
2176 1091
1106 1092
1171 1092
2501 1092
15 1093
599 1093
1090 1093
1271 1093
1598 1093
2367 1093
258 1094
963 1094
1369 1094
1443 1094
1653 1094
298 1095
1325 1095
1810 1095
1986 1095
397 1096
401 1096
411 1096
1065 1096
1633 1096
470 1097
854 1097
857 1097
1115 1097
1869 1097
918 1098
1477 1098
2066 1098
2067 1098
1054 1099
1577 1099
1607 1099
1701 1100
374 1101
1242 1101
2148 1101
1207 1102
2290 1102
2464 1102
2465 1102
53 1103
72 1103
263 1103
748 1103
998 1103
1123 1103
1284 1103
1480 1103
1718 1103
1760 1103
1886 1103
1887 1103
1888 1103
597 1104
725 1104
2264 1104
578 1105
1092 1106
2501 1106
598 1107
605 1107
1810 1107
2379 1107
390 1108
1533 1109
2671 1109
2674 1109
1120 1110
2025 1110
2295 1110
1119 1111
2125 1111
2126 1111
2129 1111
954 1112
107 1113
1650 1113
1717 1114
2560 1114
203 1115
1529 1115
568 1116
1223 1116
2499 1117
1042 1118
1416 1118
2155 1118
870 1119
1111 1119
1235 1119
1663 1119
1697 1119
2124 1119
2125 1119
2126 1119
2127 1119
2128 1119
2129 1119
1013 1120
1110 1120
1583 1120
2025 1120
2194 1120
835 1121
1655 1121
1810 1121
1358 1123
1075 1124
2332 1125
553 1127
1986 1127
1441 1128
1954 1128
2275 1128
1518 1129
2351 1129
2352 1129
2353 1129
833 1130
2495 1130
242 1131
436 1131
490 1131
510 1131
836 1131
838 1131
1133 1131
1224 1131
1500 1131
1538 1131
1655 1131
1909 1131
1930 1131
2155 1131
2185 1131
2280 1131
2281 1131
2282 1131
2283 1131
1500 1133
1538 1133
2185 1133
579 1134
2296 1134
996 1135
1071 1135
1257 1135
2248 1135
2518 1135
2671 1135
2678 1135
73 1136
1189 1136
2554 1136
725 1137
82 1138
2248 1138
2250 1138
52 1139
1628 1139
2054 1139
2182 1139
476 1140
2294 1141
973 1142
783 1143
1015 1143
1618 1143
2155 1143
2262 1143
1245 1144
1623 1144
1169 1145
1358 1145
36 1146
1506 1146
2254 1146
395 1147
765 1147
1090 1147
1865 1147
2367 1147
2371 1147
1747 1148
2220 1148
2221 1148
985 1149
1358 1149
1986 1149
1243 1150
2570 1151
2700 1151
897 1152
2155 1152
258 1153
223 1154
1007 1154
1714 1154
1715 1154
1742 1154
1229 1155
65 1156
89 1157
963 1157
2463 1157
302 1158
306 1158
589 1158
814 1158
1635 1158
2251 1158
2252 1158
2382 1158
729 1159
981 1159
2534 1159
38 1160
401 1160
733 1160
2268 1160
110 1161
245 1162
1510 1162
1402 1163
2132 1163
145 1165
537 1165
2582 1166
643 1167
1070 1167
1022 1168
1955 1168
301 1169
439 1169
552 1169
628 1169
748 1169
823 1169
1040 1169
1145 1169
1358 1169
1714 1169
1719 1169
1731 1169
1734 1169
1737 1169
2220 1169
2476 1169
2492 1169
404 1170
510 1171
649 1171
681 1171
1092 1171
1295 1171
1355 1171
1855 1171
1909 1171
2359 1171
304 1172
467 1172
353 1173
1250 1173
88 1174
415 1174
815 1174
1912 1174
987 1175
2359 1175
507 1176
877 1176
1542 1176
295 1177
877 1177
1542 1177
1935 1177
1529 1178
1984 1178
2350 1178
410 1179
474 1181
472 1182
559 1182
1183 1182
1579 1182
472 1183
1182 1183
1579 1183
1824 1183
1825 1183
2100 1184
2349 1185
2358 1185
2589 1185
2590 1185
2535 1186
2574 1186
895 1187
1187 1188
73 1189
558 1189
1136 1189
1358 1189
2359 1189
37 1190
1184 1190
1387 1190
2241 1191
1062 1192
1621 1192
306 1193
368 1194
1366 1194
270 1195
868 1195
1058 1195
1367 1196
2300 1196
1998 1197
1042 1198
859 1199
881 1199
1214 1199
1566 1199
1599 1199
1716 1199
2414 1200
457 1201
2214 1201
2533 1201
1428 1202
1510 1202
2376 1202
2524 1202
382 1203
424 1203
1215 1203
1842 1203
2155 1203
751 1204
1839 1204
319 1205
1358 1205
1257 1206
2671 1206
2290 1207
2464 1207
187 1208
64 1209
1737 1209
1648 1210
254 1211
507 1211
1701 1212
607 1213
1290 1213
73 1214
1199 1214
1499 1214
1716 1214
1745 1214
270 1215
1131 1215
1894 1215
526 1216
2446 1216
2503 1216
230 1217
396 1217
586 1218
1079 1218
2116 1218
45 1219
78 1219
994 1219
239 1220
729 1221
981 1221
1577 1221
1607 1221
1949 1221
925 1222
1224 1222
568 1223
1116 1223
682 1224
778 1224
779 1224
1110 1224
1131 1224
1222 1224
1291 1224
1341 1224
1370 1224
1587 1224
1732 1224
1848 1224
1851 1224
1919 1224
1975 1224
2151 1224
2152 1224
2153 1224
2154 1224
2155 1224
2156 1224
1450 1225
1955 1226
1956 1226
2528 1226
1269 1227
186 1228
1536 1228
2580 1228
657 1229
867 1229
871 1229
1155 1229
1254 1229
1308 1229
1358 1229
1627 1229
1749 1229
2439 1229
2440 1229
2442 1229
1050 1230
1342 1230
653 1231
624 1232
1083 1232
2433 1233
1702 1234
1703 1234
1966 1234
1119 1235
1462 1235
2126 1235
2577 1235
2479 1236
735 1237
739 1237
1958 1237
258 1240
789 1240
1443 1240
1702 1240
2237 1240
310 1241
1701 1241
1950 1241
1101 1242
2146 1242
1041 1243
1150 1243
1358 1243
493 1244
542 1245
1144 1245
1770 1245
2080 1245
857 1246
1651 1248
2045 1248
1483 1249
2556 1249
2558 1249
328 1250
1173 1250
2507 1250
102 1251
505 1251
1448 1251
1623 1251
867 1252
2656 1252
302 1253
308 1253
1308 1254
2248 1255
595 1256
982 1256
1016 1256
1091 1256
1761 1256
2175 1256
2176 1256
428 1257
492 1257
688 1257
996 1257
1071 1257
1135 1257
1206 1257
2248 1257
2538 1257
2671 1257
2673 1257
2679 1257
505 1258
644 1258
356 1259
2342 1259
1559 1260
2250 1260
2130 1261
110 1262
189 1262
564 1262
567 1262
1072 1262
1407 1263
248 1264
443 1264
1531 1264
377 1265
733 1265
2291 1265
1529 1266
1984 1266
647 1267
1824 1267
162 1268
737 1269
753 1269
1227 1269
1630 1269
1880 1269
2227 1269
1622 1270
15 1271
599 1271
1090 1271
1093 1271
310 1272
1945 1272
1947 1272
1950 1272
722 1273
1111 1273
1119 1273
2034 1273
2124 1273
2125 1273
2129 1273
239 1274
1468 1275
458 1276
1022 1276
1962 1276
755 1277
2305 1278
2306 1278
731 1279
2186 1279
2203 1279
449 1280
2612 1280
977 1281
1358 1281
1746 1281
684 1282
741 1282
1283 1282
1483 1282
1735 1282
1776 1282
2324 1282
1282 1283
1776 1283
2324 1283
757 1284
902 1284
998 1284
1103 1284
1358 1284
1604 1284
2450 1284
2182 1285
538 1286
59 1287
481 1287
1164 1287
1358 1287
88 1288
1309 1288
1622 1289
212 1290
1213 1290
1224 1291
1660 1291
2154 1291
689 1292
1358 1292
65 1293
1013 1293
2418 1293
352 1294
733 1294
1171 1295
35 1296
440 1296
1910 1296
1912 1296
1913 1296
316 1297
766 1297
2703 1298
1701 1299
251 1300
507 1300
812 1300
877 1300
1542 1300
1933 1300
1940 1300
1941 1300
25 1301
598 1301
1315 1301
1316 1301
1542 1301
2140 1301
1006 1302
95 1303
746 1303
979 1303
1026 1303
2163 1303
505 1304
937 1304
1180 1304
466 1305
1358 1305
364 1306
1317 1306
802 1307
922 1307
2536 1307
1229 1308
1254 1308
1627 1308
61 1309
88 1309
851 1309
995 1309
1288 1309
1338 1309
1625 1309
1677 1309
1882 1309
2015 1309
2102 1309
2178 1309
2692 1310
468 1311
1312 1311
1313 1311
2080 1311
904 1312
1311 1312
1313 1312
468 1313
1311 1313
2407 1313
514 1314
890 1314
1269 1314
17 1315
17 1316
927 1316
1301 1316
1679 1316
689 1317
796 1317
1040 1317
1148 1317
1306 1317
1719 1317
1720 1317
1739 1317
2220 1317
2221 1317
12 1318
2661 1318
2662 1318
186 1319
2034 1319
1050 1320
1349 1320
1491 1320
2684 1320
2501 1321
63 1322
2265 1322
1701 1323
2035 1324
2265 1324
298 1325
1095 1325
2063 1325
928 1326
2063 1326
495 1327
2161 1327
495 1328
1327 1328
2160 1328
78 1329
733 1329
994 1329
1204 1330
1837 1330
2068 1330
1576 1331
1810 1331
436 1332
621 1332
749 1333
1973 1333
2195 1333
2312 1333
1577 1334
1701 1334
1941 1334
1950 1334
1856 1335
2087 1335
2090 1335
86 1336
1012 1336
1452 1336
1797 1336
2032 1336
2033 1336
109 1337
563 1337
1701 1337
2045 1337
1912 1338
154 1339
1753 1339
872 1340
1542 1340
868 1341
1224 1341
1050 1342
1230 1342
118 1343
255 1343
836 1343
1645 1343
2165 1343
25 1344
724 1344
815 1344
1928 1344
2315 1344
202 1345
353 1345
109 1346
306 1346
519 1346
1670 1346
281 1347
218 1348
2163 1348
2605 1348
39 1349
1320 1349
1634 1349
1443 1350
69 1351
262 1351
604 1351
1362 1351
1535 1351
1592 1351
2134 1351
97 1353
661 1353
400 1354
1613 1356
2170 1357
30 1358
34 1358
53 1358
68 1358
72 1358
73 1358
90 1358
101 1358
111 1358
154 1358
156 1358
173 1358
174 1358
228 1358
244 1358
246 1358
289 1358
326 1358
333 1358
337 1358
341 1358
346 1358
364 1358
466 1358
489 1358
524 1358
580 1358
613 1358
616 1358
626 1358
645 1358
684 1358
686 1358
689 1358
708 1358
754 1358
757 1358
764 1358
796 1358
797 1358
823 1358
831 1358
853 1358
873 1358
882 1358
902 1358
919 1358
929 1358
951 1358
957 1358
970 1358
978 1358
985 1358
999 1358
1038 1358
1040 1358
1041 1358
1070 1358
1103 1358
1123 1358
1145 1358
1149 1358
1154 1358
1169 1358
1189 1358
1205 1358
1209 1358
1229 1358
1238 1358
1243 1358
1281 1358
1284 1358
1287 1358
1292 1358
1305 1358
1339 1358
1384 1358
1389 1358
1471 1358
1480 1358
1492 1358
1516 1358
1546 1358
1550 1358
1562 1358
1565 1358
1568 1358
1599 1358
1646 1358
1709 1358
1710 1358
1711 1358
1713 1358
1714 1358
1715 1358
1716 1358
1717 1358
1718 1358
1719 1358
1720 1358
1722 1358
1723 1358
1724 1358
1725 1358
1726 1358
1727 1358
1731 1358
1732 1358
1733 1358
1734 1358
1735 1358
1736 1358
1737 1358
1738 1358
1739 1358
1740 1358
1741 1358
1742 1358
1743 1358
1744 1358
1745 1358
1746 1358
1747 1358
1748 1358
1749 1358
1751 1358
1752 1358
1754 1358
1755 1358
1756 1358
1757 1358
1758 1358
1759 1358
1760 1358
1761 1358
1763 1358
1764 1358
1765 1358
1766 1358
2597 1358
181 1359
1464 1359
2278 1359
2480 1359
541 1360
647 1360
904 1360
1902 1360
1904 1360
2491 1360
565 1361
1528 1361
1372 1362
1914 1362
507 1363
1413 1363
40 1364
1702 1365
1703 1365
2509 1365
368 1366
1194 1366
2248 1366
124 1367
484 1367
980 1367
1584 1367
1656 1367
1778 1367
2080 1367
2143 1367
702 1368
1911 1368
1094 1369
1530 1369
1653 1369
778 1370
1224 1370
1525 1370
1919 1370
1975 1370
2274 1370
2485 1370
1393 1371
42 1372
1362 1372
848 1373
1003 1373
2586 1375
1848 1376
2232 1376
1840 1377
2068 1377
2069 1377
2070 1377
1544 1378
2058 1378
1380 1379
2564 1379
1050 1380
1379 1380
2564 1380
798 1381
1794 1381
281 1382
2176 1382
2283 1382
1229 1384
1358 1384
1015 1385
727 1386
2570 1386
1190 1387
734 1388
736 1388
964 1388
2181 1388
341 1389
1358 1389
2597 1389
856 1390
2681 1390
51 1392
710 1392
2212 1392
1371 1393
88 1394
211 1394
2137 1394
679 1395
948 1395
2072 1395
2189 1395
2266 1395
2267 1395
1421 1396
2228 1396
861 1397
1528 1398
1396 1399
1501 1399
2227 1399
2309 1399
886 1400
89 1401
258 1401
761 1401
1153 1401
1163 1402
1482 1402
1919 1402
1972 1402
465 1403
2317 1403
2375 1404
229 1405
1508 1405
1894 1405
2387 1406
1263 1407
370 1408
1553 1408
1826 1408
1828 1408
1829 1408
360 1409
1553 1409
1826 1409
897 1410
1655 1410
2218 1411
704 1412
1483 1412
1735 1412
1743 1412
2450 1412
219 1413
253 1413
338 1413
402 1413
507 1413
776 1413
812 1413
872 1413
877 1413
1340 1413
1542 1413
1931 1413
1932 1413
1934 1413
1936 1413
371 1414
1415 1414
2270 1414
371 1415
392 1415
1414 1415
2269 1415
6 1416
30 1416
61 1416
74 1416
149 1416
305 1416
572 1416
1008 1416
1468 1416
1921 1416
1922 1416
1923 1416
1925 1416
1926 1416
529 1417
963 1417
1452 1417
1529 1417
2260 1417
2350 1417
78 1418
529 1419
2259 1419
2260 1419
1421 1420
2394 1420
2396 1420
1085 1421
1420 1421
1975 1421
2109 1421
2110 1421
2394 1421
591 1423
1621 1424
1813 1424
1015 1425
1618 1425
760 1426
1751 1426
860 1427
1725 1427
1742 1427
2446 1427
1202 1428
1429 1428
1534 1428
2336 1428
1428 1429
1534 1429
2520 1429
632 1430
976 1431
998 1431
1049 1432
2663 1432
931 1433
1035 1433
2359 1433
445 1434
1986 1434
2059 1435
2259 1436
1688 1437
2664 1438
869 1440
1701 1440
50 1441
241 1441
590 1441
648 1441
720 1441
1060 1441
1128 1441
1619 1441
1700 1441
1954 1441
2271 1441
2272 1441
2273 1441
2274 1441
2275 1441
432 1442
2462 1442
963 1443
1094 1443
1240 1443
1350 1443
2240 1443
2399 1443
2645 1443
154 1444
1307 1444
1358 1444
2323 1444
681 1445
1446 1445
1928 1447
505 1448
2034 1448
2045 1448
2681 1449
321 1450
1083 1450
2564 1451
1336 1452
1701 1453
1986 1453
2 1454
441 1455
1537 1455
1457 1456
1019 1457
1456 1457
982 1458
2080 1459
2218 1459
1185 1460
2349 1460
2358 1460
1634 1461
2248 1461
1119 1462
1235 1462
1611 1462
276 1463
555 1463
1695 1463
2131 1463
2132 1463
181 1464
262 1464
712 1464
850 1464
1013 1464
1359 1464
1482 1464
1914 1464
1488 1465
1799 1465
1041 1466
2172 1467
146 1468
1275 1468
1416 1468
1692 1469
2346 1469
2349 1469
2358 1469
801 1470
1555 1470
1953 1470
2553 1470
1358 1471
1646 1471
240 1472
512 1472
756 1472
1692 1472
2187 1472
165 1473
598 1473
593 1474
2261 1474
2335 1474
614 1475
888 1475
1017 1475
2469 1475
404 1476
1170 1476
1098 1477
1542 1477
2067 1477
694 1478
1072 1478
1902 1478
261 1479
873 1479
1894 1479
1103 1480
1358 1480
1042 1481
1669 1481
2332 1481
955 1482
1402 1482
1464 1482
1973 1482
306 1483
359 1483
389 1483
562 1483
704 1483
742 1483
754 1483
905 1483
969 1483
1072 1483
1077 1483
1249 1483
1358 1483
1412 1483
1620 1483
1726 1483
1735 1483
1743 1483
2083 1483
2113 1483
2208 1483
299 1484
2383 1484
2498 1484
2520 1484
1914 1485
650 1486
1035 1486
1745 1486
1501 1487
1849 1487
2017 1487
2137 1487
1465 1488
1004 1489
306 1490
2085 1490
2327 1490
1320 1491
1358 1492
1765 1492
429 1493
436 1494
897 1494
93 1495
437 1495
645 1495
974 1496
549 1497
2034 1497
1469 1498
2025 1498
2349 1498
2590 1498
337 1499
1214 1499
1358 1499
1776 1499
1133 1500
1538 1500
2185 1500
116 1501
1074 1501
1399 1501
1487 1501
1676 1501
2228 1501
2395 1501
1200 1502
1382 1502
1503 1502
979 1503
1502 1503
2241 1503
1647 1504
2209 1504
36 1505
530 1505
1072 1505
1146 1505
1552 1505
1624 1505
1699 1505
1788 1505
1801 1505
2107 1505
1146 1506
1229 1506
446 1507
989 1507
1343 1507
1645 1507
2436 1507
1405 1508
1894 1508
2117 1508
189 1509
1262 1509
1046 1510
1162 1510
1202 1510
2387 1510
1519 1511
342 1512
945 1512
2023 1512
2145 1512
567 1513
760 1513
1830 1513
1692 1514
2182 1515
2234 1515
1358 1516
2612 1516
74 1517
1042 1517
577 1518
1129 1518
147 1519
1015 1519
1534 1519
2108 1519
2335 1519
2640 1519
83 1520
1103 1520
1750 1520
1765 1520
39 1522
1697 1522
2680 1522
548 1523
2449 1523
434 1524
1693 1524
2499 1524
1224 1525
1370 1525
1914 1525
1973 1525
868 1526
1224 1526
1879 1526
1977 1526
1981 1526
2099 1526
2425 1526
60 1527
88 1527
415 1527
860 1527
1668 1527
2274 1527
2450 1527
513 1528
565 1528
1361 1528
1398 1528
1115 1529
1178 1529
1266 1529
1417 1529
1908 1529
2350 1529
89 1530
1369 1530
2240 1530
2464 1530
248 1531
443 1531
1264 1531
1889 1531
39 1532
2648 1532
492 1533
1109 1533
2671 1533
1082 1534
1429 1534
95 1535
280 1535
1351 1535
1916 1535
2155 1535
2293 1535
186 1536
1228 1536
2580 1536
2702 1536
119 1537
441 1537
1455 1537
118 1538
643 1538
747 1538
1133 1538
1500 1538
2185 1538
1914 1539
525 1540
1628 1540
2054 1540
1005 1541
219 1542
251 1542
297 1542
402 1542
776 1542
812 1542
872 1542
877 1542
918 1542
990 1542
1176 1542
1177 1542
1300 1542
1301 1542
1334 1542
1340 1542
1413 1542
1477 1542
1577 1542
1607 1542
1931 1542
1935 1542
1936 1542
1939 1542
1940 1542
1943 1542
735 1543
739 1543
1881 1543
2029 1543
1378 1544
368 1545
2248 1545
341 1546
687 1546
2169 1546
171 1548
790 1548
119 1549
1901 1549
2286 1549
748 1550
2083 1550
126 1551
306 1551
36 1552
1089 1552
1505 1552
1778 1552
2591 1552
371 1553
1408 1553
1409 1553
1827 1553
1657 1554
2686 1554
2687 1554
2688 1554
458 1555
1470 1555
1953 1555
888 1556
957 1557
2083 1557
2168 1557
879 1558
1014 1558
1191 1558
1986 1558
2339 1558
2340 1558
283 1559
1260 1559
18 1560
1623 1560
102 1561
1623 1561
1358 1562
1765 1562
2633 1563
1772 1564
1786 1564
1358 1565
2365 1565
768 1566
1199 1566
1732 1566
2071 1566
722 1567
1874 1567
2500 1567
154 1568
1358 1568
1729 1568
450 1569
1050 1569
1966 1569
571 1570
696 1570
743 1570
1045 1571
836 1572
1776 1572
598 1573
2698 1573
519 1574
1066 1574
1986 1574
473 1575
1331 1576
1810 1576
411 1577
1054 1577
1099 1577
1334 1577
1542 1577
2497 1578
47 1579
559 1579
1182 1579
1183 1579
2029 1579
95 1580
456 1580
544 1580
1892 1580
2199 1580
310 1581
44 1582
366 1583
376 1583
553 1583
973 1583
1013 1583
1120 1583
1224 1583
1995 1583
2025 1583
306 1584
1367 1584
1798 1584
89 1585
1401 1585
1653 1585
2168 1586
1224 1587
2333 1588
101 1589
1745 1589
2596 1589
794 1590
863 1590
2541 1591
779 1592
1351 1592
1914 1592
2071 1592
213 1593
537 1593
1165 1593
31 1594
2476 1596
320 1597
1093 1598
1147 1598
2367 1598
110 1599
1199 1599
2441 1599
2614 1599
1059 1600
1750 1601
6 1602
95 1602
100 1602
315 1602
1204 1602
2054 1602
2072 1602
2073 1602
2074 1602
46 1604
1284 1604
1358 1604
1054 1605
1950 1605
2663 1605
364 1606
764 1606
1221 1607
1542 1607
546 1608
2124 1608
2489 1608
1790 1609
1791 1609
312 1610
565 1610
687 1610
2557 1610
1462 1611
2124 1611
764 1612
1356 1613
210 1614
1671 1614
56 1616
118 1616
412 1616
447 1616
539 1616
581 1616
1402 1616
1849 1616
2050 1616
748 1617
1143 1618
1425 1618
1789 1618
392 1619
1441 1619
2269 1619
359 1620
742 1620
905 1620
1358 1620
1483 1620
2450 1620
1424 1621
124 1622
1289 1622
102 1623
126 1623
133 1623
139 1623
153 1623
314 1623
452 1623
459 1623
542 1623
608 1623
660 1623
719 1623
887 1623
910 1623
1144 1623
1251 1623
1561 1623
1767 1623
1768 1623
1770 1623
1772 1623
1773 1623
1774 1623
1775 1623
1777 1623
1778 1623
1782 1623
109 1624
317 1624
409 1624
589 1624
887 1624
1196 1624
1505 1624
1705 1624
1777 1624
1778 1624
1779 1624
1785 1624
1787 1624
1013 1625
1309 1625
1729 1625
59 1627
1308 1627
1740 1627
65 1628
525 1628
597 1628
1042 1628
1117 1628
1139 1628
1635 1628
2021 1628
2053 1628
2054 1628
2055 1628
2056 1628
2057 1628
2172 1628
5 1629
737 1630
1269 1630
2227 1630
736 1631
2196 1631
16 1632
364 1632
1756 1632
1096 1633
82 1634
1050 1634
1349 1634
1461 1634
2393 1634
763 1635
1158 1635
2383 1635
24 1636
1701 1636
2139 1636
1973 1637
831 1638
177 1639
306 1640
350 1640
637 1641
833 1641
2495 1641
439 1642
2657 1642
2658 1642
348 1643
415 1644
1013 1644
989 1645
1507 1645
1358 1646
1471 1646
108 1647
1504 1647
2160 1647
2209 1647
1210 1648
94 1649
107 1650
1113 1650
1360 1650
1248 1651
2045 1651
498 1652
604 1652
725 1652
1848 1652
1972 1652
43 1653
1369 1653
1585 1653
835 1654
1567 1654
11 1655
149 1655
1121 1655
1410 1655
1839 1655
1842 1655
2136 1655
2282 1655
2384 1655
306 1656
1367 1656
1798 1656
1554 1657
2686 1657
88 1658
5 1659
1291 1660
2154 1660
109 1661
454 1661
1013 1661
1851 1661
48 1662
1666 1662
2381 1662
2398 1662
1119 1663
2577 1663
455 1664
607 1664
785 1664
2147 1664
962 1665
1615 1665
2034 1665
2 1666
48 1666
49 1666
606 1666
1662 1666
2381 1666
162 1667
438 1667
651 1667
1527 1668
429 1669
1481 1669
1892 1669
2332 1669
133 1670
303 1670
308 1670
519 1670
1346 1670
210 1671
1929 1671
1968 1671
2136 1671
2137 1671
186 1672
2660 1673
891 1674
1914 1674
2608 1674
1013 1675
1074 1675
1676 1675
1914 1675
1074 1676
1501 1676
1675 1676
1914 1676
1975 1676
88 1677
191 1677
1309 1677
1908 1677
833 1678
1247 1679
1316 1679
2140 1679
2056 1680
2576 1680
407 1681
409 1681
459 1681
948 1681
2318 1681
2319 1681
407 1682
733 1682
1012 1682
2189 1682
2291 1682
2319 1682
2321 1682
181 1683
1973 1683
2486 1684
2513 1684
650 1685
957 1685
2083 1685
28 1687
246 1687
1721 1687
1437 1688
2671 1688
155 1689
118 1690
2112 1690
700 1691
172 1692
240 1692
503 1692
512 1692
574 1692
1423 1692
1472 1692
1514 1692
2186 1692
2187 1692
2302 1692
2345 1692
2346 1692
2347 1692
2348 1692
434 1693
965 1693
1391 1693
1524 1693
333 1694
276 1695
1463 1695
2133 1695
1119 1697
1986 1697
2253 1697
537 1698
2160 1698
484 1699
1065 1699
1441 1700
13 1701
24 1701
157 1701
158 1701
201 1701
205 1701
215 1701
216 1701
226 1701
231 1701
232 1701
261 1701
335 1701
343 1701
467 1701
532 1701
547 1701
563 1701
633 1701
664 1701
699 1701
729 1701
767 1701
784 1701
869 1701
1023 1701
1052 1701
1075 1701
1212 1701
1241 1701
1299 1701
1323 1701
1334 1701
1440 1701
1453 1701
1636 1701
1665 1701
1820 1701
1846 1701
1852 1701
1853 1701
1854 1701
1855 1701
1856 1701
1857 1701
1858 1701
1859 1701
1860 1701
1862 1701
1864 1701
1867 1701
1868 1701
1869 1701
1870 1701
1871 1701
1872 1701
1873 1701
1874 1701
1875 1701
1877 1701
22 1702
463 1702
1234 1702
1240 1702
1365 1702
1703 1702
1966 1702
1971 1702
2238 1702
22 1703
463 1703
759 1703
789 1703
963 1703
1702 1703
1906 1703
1966 1703
1967 1703
1968 1703
1969 1703
1970 1703
1971 1703
1986 1704
2077 1704
1193 1705
1289 1705
1624 1705
558 1706
2585 1706
1441 1707
467 1708
873 1708
1358 1708
1857 1708
2313 1708
2314 1708
1739 1709
372 1710
480 1710
687 1710
1358 1711
1629 1711
1730 1711
1731 1711
1765 1711
1358 1712
1725 1712
2446 1712
88 1713
1696 1713
1154 1714
1169 1714
1358 1714
1727 1714
1154 1715
1358 1715
1199 1716
1214 1716
1358 1716
2446 1716
1114 1717
1358 1717
1731 1717
1103 1718
1358 1718
1430 1718
2685 1718
1169 1719
1317 1719
1358 1719
1765 1719
1358 1720
1765 1720
228 1721
687 1721
689 1721
1358 1721
1687 1721
1761 1721
2476 1721
289 1722
312 1722
1358 1722
73 1723
768 1723
1358 1723
1724 1723
768 1724
1358 1724
1723 1724
59 1725
557 1725
628 1725
687 1725
1070 1725
1072 1725
1358 1725
1427 1725
1734 1725
1740 1725
2334 1725
2413 1725
2168 1726
188 1727
1358 1727
1714 1727
961 1728
2257 1728
2555 1728
2599 1728
657 1729
1013 1729
1358 1729
1568 1729
1625 1729
1358 1730
1358 1731
1711 1731
1717 1731
88 1732
748 1732
1224 1732
1566 1732
831 1733
1072 1733
1358 1733
1169 1734
1358 1734
2597 1734
562 1735
969 1735
1282 1735
1358 1735
1412 1735
1483 1735
2324 1735
155 1736
1763 1736
64 1737
1169 1737
1358 1737
2616 1737
466 1738
1358 1738
1709 1738
2365 1738
616 1739
1317 1739
1358 1739
1750 1739
1886 1739
268 1740
312 1740
657 1740
915 1740
1035 1740
1072 1740
1358 1740
1627 1740
1725 1740
2389 1740
2390 1740
2391 1740
2392 1740
88 1741
1309 1741
1358 1741
2593 1741
174 1742
403 1742
580 1742
1007 1742
1358 1742
1427 1742
1749 1742
1758 1742
2307 1742
2443 1742
2444 1742
2445 1742
389 1743
704 1743
742 1743
1358 1743
1412 1743
1483 1743
2113 1743
1765 1744
73 1745
1358 1745
1589 1745
2596 1745
1281 1746
1358 1746
1678 1746
1148 1747
1358 1747
1103 1748
1281 1748
1229 1749
1742 1749
2446 1749
1358 1750
1520 1750
1601 1750
1739 1750
1765 1750
1358 1751
1426 1751
2596 1751
1358 1752
1339 1753
1358 1753
154 1754
1358 1754
1752 1754
1358 1755
1731 1755
1765 1755
364 1756
732 1756
1358 1756
1632 1756
2642 1756
1358 1757
2451 1757
464 1758
580 1758
860 1758
1358 1758
1742 1758
493 1759
569 1759
1358 1759
1358 1760
4 1761
1205 1761
1256 1761
1358 1761
2175 1761
853 1762
156 1763
817 1763
1358 1763
1736 1763
628 1764
501 1765
823 1765
825 1765
1040 1765
1358 1765
1492 1765
1562 1765
1711 1765
1744 1765
1750 1765
1755 1765
2492 1765
1739 1766
1750 1766
1623 1767
1783 1767
1623 1768
1837 1768
2325 1768
399 1769
544 1769
1623 1769
306 1770
1245 1770
1623 1770
2080 1770
1623 1771
1778 1771
109 1772
306 1772
426 1772
1564 1772
1623 1772
1782 1772
2045 1772
638 1773
1045 1773
1623 1773
1789 1773
1623 1774
103 1775
306 1775
350 1775
484 1775
1623 1775
337 1776
1282 1776
1499 1776
1623 1776
1735 1776
2045 1776
2078 1776
1624 1777
2143 1777
1367 1778
1623 1778
1624 1778
1771 1778
2327 1778
109 1779
306 1779
505 1779
1623 1779
1624 1779
2318 1779
139 1780
1623 1780
1624 1780
1773 1780
36 1781
1623 1781
1998 1781
2107 1781
306 1782
350 1782
426 1782
487 1782
1772 1782
1798 1782
2326 1782
1623 1783
1767 1783
1072 1784
1623 1784
2045 1784
109 1785
317 1785
808 1785
1624 1785
1564 1786
109 1787
306 1787
1624 1787
1810 1787
2045 1787
1015 1788
1505 1788
1624 1788
109 1789
426 1789
1015 1789
1618 1789
1773 1789
103 1790
695 1790
191 1791
1197 1791
1609 1791
2045 1791
2485 1792
798 1793
1381 1794
798 1795
828 1795
1794 1795
1796 1795
1795 1796
2297 1796
306 1797
1012 1797
1072 1797
1336 1797
487 1798
1584 1798
1782 1798
306 1799
1465 1799
1701 1799
476 1800
852 1800
1072 1800
1035 1801
1072 1801
1505 1801
2203 1801
306 1802
2079 1802
354 1803
659 1803
306 1804
1740 1804
2451 1804
109 1805
306 1805
426 1805
556 1805
1072 1805
1809 1806
429 1807
962 1807
962 1808
1810 1808
962 1809
13 1810
27 1810
224 1810
230 1810
351 1810
481 1810
482 1810
511 1810
568 1810
576 1810
716 1810
719 1810
790 1810
795 1810
835 1810
962 1810
1004 1810
1062 1810
1095 1810
1121 1810
1299 1810
1331 1810
1348 1810
1576 1810
1581 1810
1787 1810
1808 1810
1809 1810
1811 1810
1812 1810
1813 1810
1814 1810
1815 1810
1817 1810
1818 1810
1819 1810
1820 1810
1821 1810
1822 1810
1823 1810
1869 1810
1822 1811
482 1812
1810 1812
1986 1812
2034 1812
2550 1812
1424 1813
1810 1813
482 1814
1810 1814
310 1815
1810 1815
1950 1815
829 1816
1810 1816
1810 1817
733 1818
1810 1818
2305 1818
1581 1819
1810 1819
1948 1819
1701 1820
1810 1820
1873 1820
316 1821
598 1821
603 1821
716 1821
1810 1821
1810 1822
1811 1822
1126 1823
1810 1823
360 1824
1183 1824
1267 1824
1826 1824
392 1825
1183 1825
1824 1825
264 1826
448 1826
645 1826
1408 1826
1409 1826
1827 1826
1409 1827
1553 1827
1828 1827
238 1828
1408 1828
1409 1828
940 1829
1902 1829
889 1830
1067 1830
1513 1830
2045 1830
824 1831
889 1832
797 1833
1035 1833
449 1834
800 1834
1833 1834
2157 1835
2160 1835
183 1837
997 1837
1330 1837
1768 1837
1204 1838
2182 1838
2219 1838
11 1839
1204 1839
1655 1839
2424 1839
2453 1839
1013 1840
1377 1840
2071 1840
408 1841
736 1841
1013 1841
2056 1841
120 1842
1013 1842
1203 1842
1538 1842
1655 1842
1980 1842
2281 1842
2405 1842
415 1843
1013 1843
894 1845
1013 1845
1701 1846
2117 1846
2357 1846
88 1847
415 1847
1013 1847
325 1848
1013 1848
1224 1848
1376 1848
1652 1848
1909 1848
56 1849
412 1849
447 1849
1487 1849
32 1850
415 1850
666 1850
1013 1850
118 1851
693 1851
1013 1851
1224 1851
1661 1851
1701 1853
1171 1855
306 1856
1335 1856
2045 1856
2096 1856
304 1857
1708 1857
899 1858
1701 1858
1986 1859
1701 1860
1701 1861
0 1862
1701 1862
2582 1862
532 1863
1701 1863
232 1864
869 1864
1701 1864
311 1865
633 1866
1701 1866
1701 1867
1846 1867
231 1868
316 1868
766 1868
1701 1868
203 1869
205 1869
277 1869
420 1869
1097 1869
1701 1869
1810 1869
2309 1869
157 1870
598 1870
1986 1870
102 1871
417 1871
1701 1871
1701 1872
935 1873
1986 1873
722 1874
1106 1874
1701 1874
2500 1874
598 1875
1701 1875
1986 1875
1986 1876
2573 1877
102 1878
661 1878
490 1879
578 1879
661 1879
479 1880
661 1880
753 1880
1269 1880
661 1881
739 1881
1543 1881
1958 1881
88 1882
514 1882
661 1883
113 1884
661 1884
1885 1884
661 1885
2644 1885
1103 1887
1888 1887
1103 1888
1887 1888
429 1889
1531 1889
1890 1889
1892 1889
1893 1889
2034 1889
2039 1889
2130 1889
1889 1890
2130 1890
1889 1891
2034 1891
2130 1891
1580 1892
1669 1892
1889 1892
920 1893
1889 1893
261 1894
770 1894
1049 1894
1215 1894
1405 1894
1479 1894
1508 1894
1655 1894
2034 1894
2118 1894
645 1895
1566 1895
541 1896
709 1896
1896 1897
379 1898
645 1898
755 1898
388 1899
1902 1899
2510 1899
645 1900
119 1901
645 1901
1954 1901
2284 1901
2286 1901
264 1902
448 1902
793 1902
844 1902
1360 1902
1478 1902
1829 1902
1903 1902
709 1903
840 1903
1897 1903
2269 1903
1360 1904
1902 1904
1960 1904
1914 1905
210 1906
1703 1906
1907 1906
1964 1906
2059 1906
146 1907
210 1907
566 1907
674 1907
717 1907
897 1907
1906 1907
415 1908
1474 1908
1529 1908
1677 1908
211 1909
239 1909
1131 1909
1171 1909
1848 1909
2305 1909
121 1910
1296 1910
1296 1911
1368 1911
435 1912
995 1912
1296 1912
2102 1912
2404 1912
35 1913
440 1913
895 1913
1296 1913
596 1914
604 1914
778 1914
779 1914
830 1914
921 1914
955 1914
1079 1914
1359 1914
1362 1914
1464 1914
1485 1914
1525 1914
1539 1914
1592 1914
1674 1914
1675 1914
1676 1914
1849 1914
1915 1914
1916 1914
1919 1914
1920 1914
1914 1915
2649 1915
907 1916
1535 1916
1914 1917
2457 1917
506 1918
1914 1918
778 1919
779 1919
1224 1919
1370 1919
1914 1919
69 1920
1914 1920
1926 1920
2422 1920
2653 1920
315 1921
827 1921
1416 1921
1008 1922
1416 1922
1416 1923
1927 1923
1416 1924
1927 1924
1042 1925
1416 1925
69 1926
1042 1926
1920 1926
2189 1926
146 1927
305 1927
405 1927
769 1927
1218 1927
1435 1927
1923 1927
1924 1927
1928 1927
1929 1927
1344 1928
1447 1928
1927 1928
2317 1928
2475 1928
1927 1929
2034 1929
1131 1930
1927 1930
507 1931
1542 1931
402 1932
1413 1932
1936 1932
251 1933
507 1933
1300 1933
1413 1933
338 1934
877 1935
1176 1935
1177 1935
402 1936
507 1936
1413 1936
1542 1936
1932 1936
548 1937
1938 1937
1937 1938
19 1939
1542 1939
402 1940
507 1940
1542 1940
1300 1941
1334 1941
1542 1941
2508 1941
150 1942
875 1942
1542 1942
1542 1943
310 1944
352 1944
1945 1944
875 1945
1272 1945
1944 1945
1946 1945
1944 1946
1945 1946
1950 1946
1272 1947
1945 1947
1950 1947
1819 1948
310 1949
1221 1949
336 1950
875 1950
892 1950
1054 1950
1241 1950
1272 1950
1334 1950
1432 1950
1605 1950
1815 1950
1946 1950
1947 1950
1948 1950
622 1951
1952 1951
2204 1951
2206 1951
622 1952
788 1952
942 1952
1002 1952
1031 1952
2206 1952
1470 1953
1555 1953
590 1954
1128 1954
1441 1954
1901 1954
1955 1954
1956 1954
676 1955
1179 1955
1954 1955
1956 1955
2235 1955
807 1956
1226 1956
979 1957
1355 1957
1954 1957
735 1958
739 1958
1237 1958
1441 1958
1881 1958
1884 1958
1954 1958
132 1959
379 1959
904 1959
2621 1959
2491 1960
801 1961
1022 1961
1022 1962
1276 1962
1963 1962
1022 1963
1962 1963
248 1964
463 1964
39 1965
1964 1965
362 1966
463 1966
946 1966
1010 1966
1234 1966
1569 1966
1703 1966
1964 1966
1971 1966
275 1967
1703 1967
1671 1968
2034 1968
2236 1969
2238 1969
271 1970
1702 1970
1703 1970
1702 1971
1703 1971
1966 1971
1351 1972
1402 1972
32 1973
252 1973
490 1973
504 1973
666 1973
779 1973
1482 1973
1525 1973
1683 1973
1974 1973
1975 1973
578 1974
1973 1974
1224 1975
1370 1975
1421 1975
1676 1975
1973 1975
2109 1975
2110 1975
147 1976
502 1976
1973 1976
1526 1977
249 1978
436 1978
478 1978
514 1978
436 1979
2178 1979
2405 1979
816 1980
1842 1980
1979 1980
2405 1980
436 1981
490 1981
130 1982
436 1982
438 1983
438 1984
1178 1984
1266 1984
1529 1984
437 1985
438 1985
2 1986
45 1986
68 1986
71 1986
179 1986
201 1986
215 1986
232 1986
335 1986
460 1986
519 1986
673 1986
743 1986
792 1986
899 1986
968 1986
1023 1986
1095 1986
1127 1986
1149 1986
1166 1986
1434 1986
1453 1986
1574 1986
1697 1986
1704 1986
1812 1986
1859 1986
1870 1986
1873 1986
1875 1986
1876 1986
1987 1986
1988 1986
1989 1986
1990 1986
1991 1986
1992 1986
1993 1986
1994 1986
1995 1986
1997 1986
2000 1986
2004 1986
2005 1986
2006 1986
2007 1986
2008 1986
2009 1986
1295 1987
1986 1987
2004 1987
1986 1988
1986 1990
1986 1991
1185 1992
1986 1992
849 1993
1986 1993
169 1994
553 1995
745 1995
1583 1995
8 1996
1986 1996
2063 1996
2064 1996
1347 1997
2412 1997
109 1998
191 1998
519 1998
695 1998
1197 1998
1781 1998
1986 1998
2326 1998
285 1999
818 1999
827 1999
160 2000
267 2000
314 2000
1986 2000
429 2001
574 2001
1986 2001
2003 2001
2044 2001
2121 2001
2123 2001
2335 2001
2348 2001
2378 2001
2379 2001
2380 2001
2381 2001
1986 2002
2001 2002
2379 2002
332 2003
2001 2003
2123 2003
180 2004
316 2004
1987 2004
746 2006
1986 2006
2477 2006
733 2008
160 2009
553 2009
745 2009
1986 2009
2025 2009
88 2010
118 2010
161 2010
2016 2010
25 2011
88 2011
733 2011
88 2012
272 2012
88 2014
415 2014
88 2015
1309 2015
2071 2015
88 2016
842 2016
973 2016
2010 2016
2071 2016
88 2017
130 2017
815 2017
1487 2017
76 2018
621 2018
815 2018
851 2018
1658 2018
2019 2018
973 2019
2018 2019
55 2020
323 2020
55 2021
239 2021
1628 2021
2418 2021
323 2022
454 2022
2190 2022
1512 2023
2217 2023
478 2024
651 2024
1332 2024
2156 2024
2178 2024
149 2025
572 2025
671 2025
1110 2025
1120 2025
1357 2025
1498 2025
1583 2025
2009 2025
2026 2025
2027 2025
2028 2025
487 2026
2025 2026
2045 2026
2096 2026
938 2027
1239 2027
2025 2027
2360 2027
472 2029
1579 2029
903 2030
2112 2030
903 2031
2436 2031
1336 2032
740 2033
788 2033
1002 2033
1336 2033
14 2034
49 2034
141 2034
158 2034
224 2034
382 2034
417 2034
617 2034
691 2034
791 2034
841 2034
1026 2034
1319 2034
1336 2034
1448 2034
1497 2034
1614 2034
1654 2034
1807 2034
1812 2034
1889 2034
1891 2034
1894 2034
1929 2034
1968 2034
1983 2034
2035 2034
2037 2034
2039 2034
2040 2034
2041 2034
2042 2034
2130 2034
733 2035
1324 2035
2034 2035
833 2036
2034 2036
2034 2037
293 2038
2034 2038
1889 2039
2034 2039
2042 2039
33 2040
2034 2040
2122 2040
48 2041
429 2041
2034 2041
2034 2042
2039 2042
429 2044
2001 2044
109 2045
126 2045
139 2045
153 2045
215 2045
306 2045
308 2045
318 2045
341 2045
519 2045
603 2045
699 2045
1013 2045
1248 2045
1337 2045
1448 2045
1651 2045
1772 2045
1776 2045
1787 2045
1830 2045
1856 2045
2046 2045
2047 2045
236 2046
306 2046
484 2046
2048 2046
294 2047
2045 2047
306 2048
2045 2048
80 2049
142 2049
1616 2050
2485 2050
1042 2051
1926 2051
2364 2051
74 2052
544 2052
1042 2052
1926 2052
52 2053
1628 2053
525 2054
1139 2054
1540 2054
1602 2054
1628 2054
2133 2054
1042 2055
1588 2055
1628 2055
408 2056
734 2056
1628 2056
1680 2056
1841 2056
2311 2056
525 2057
635 2058
1378 2058
405 2059
718 2059
1008 2059
1435 2059
1906 2059
735 2060
701 2062
735 2062
1325 2063
1326 2063
1996 2063
327 2064
918 2065
2067 2065
1098 2066
1477 2066
2065 2066
2122 2066
1098 2067
1477 2067
2065 2067
861 2068
1377 2068
702 2069
1377 2069
2070 2069
702 2070
1377 2070
2069 2070
725 2071
755 2071
1435 2071
1566 2071
1592 2071
1840 2071
2015 2071
2016 2071
1602 2072
2182 2072
901 2073
1042 2073
95 2074
1602 2074
2277 2074
14 2075
1020 2075
2076 2075
2091 2075
2667 2075
2075 2076
14 2077
486 2077
1020 2077
1704 2077
236 2078
306 2078
836 2078
1776 2078
236 2079
1802 2079
306 2080
608 2080
655 2080
1245 2080
1367 2080
1459 2080
1770 2080
484 2081
133 2082
367 2083
505 2083
650 2083
752 2083
957 2083
1550 2083
1557 2083
1685 2083
2168 2083
306 2084
350 2084
409 2084
306 2085
350 2085
910 2085
1490 2085
306 2086
1089 2086
1505 2086
2094 2086
306 2087
1335 2087
306 2088
1797 2088
306 2089
350 2089
2085 2089
350 2090
656 2090
1335 2090
218 2091
306 2091
2075 2091
109 2092
109 2093
741 2093
831 2093
36 2094
530 2094
2086 2094
2106 2094
109 2095
937 2096
1009 2096
1784 2096
1856 2096
2026 2096
79 2097
522 2097
2098 2097
2097 2098
1526 2099
2425 2099
803 2100
830 2100
1184 2100
2101 2100
702 2101
2100 2101
1309 2102
1912 2102
2385 2102
1309 2103
2385 2103
516 2104
490 2105
517 2105
36 2106
2094 2106
36 2107
1505 2107
693 2108
1085 2109
1396 2109
1421 2109
1975 2109
2110 2109
1085 2110
1975 2110
2109 2110
711 2111
118 2112
711 2112
1690 2112
2030 2112
704 2113
711 2113
1483 2113
1743 2113
386 2114
1083 2114
2509 2114
2519 2114
386 2115
2519 2115
356 2116
770 2117
1508 2117
1867 2117
1894 2117
2118 2117
229 2118
1894 2118
2117 2118
33 2119
218 2119
442 2120
665 2120
2040 2120
2637 2120
33 2121
2001 2121
2122 2121
91 2122
196 2122
627 2122
665 2122
2040 2122
2121 2122
2123 2122
91 2123
330 2123
2003 2123
2122 2123
2380 2123
1273 2124
1608 2124
1611 2124
2125 2124
2126 2124
2127 2124
1273 2125
2124 2125
2126 2125
1111 2126
1119 2126
1235 2126
1273 2126
1608 2126
2124 2126
2125 2126
546 2127
1119 2127
2124 2127
2130 2127
1119 2128
2129 2128
1111 2129
1119 2129
1273 2129
2128 2129
430 2130
691 2130
791 2130
912 2130
1261 2130
1889 2130
1890 2130
1891 2130
2034 2130
2127 2130
2249 2130
1463 2131
2133 2131
1163 2132
1482 2132
1683 2132
434 2133
1695 2133
2054 2133
2131 2133
2182 2133
921 2134
1351 2134
175 2135
2282 2135
737 2136
1121 2136
1671 2136
1487 2137
1671 2137
598 2138
944 2138
24 2139
1636 2139
2140 2139
2141 2139
927 2140
1301 2140
1679 2140
24 2141
1636 2141
2139 2141
2142 2141
2141 2142
303 2143
1367 2143
1777 2143
1787 2143
135 2144
2145 2144
2329 2144
2331 2144
2504 2144
18 2145
1512 2145
2095 2145
2144 2145
374 2146
509 2146
846 2146
1101 2146
1242 2146
2147 2146
2148 2146
374 2147
455 2147
658 2147
1664 2147
2146 2147
2486 2147
2146 2148
374 2149
1378 2150
2058 2150
93 2151
1224 2151
2423 2151
1224 2152
2385 2152
973 2153
1224 2153
1224 2154
1291 2154
1660 2154
539 2155
586 2155
993 2155
1131 2155
1143 2155
1152 2155
1203 2155
1535 2155
2153 2155
2293 2155
2295 2155
651 2156
1224 2156
2024 2156
108 2157
1835 2157
2158 2157
2160 2157
23 2159
2157 2159
898 2160
1328 2160
1698 2160
2157 2160
2159 2160
1327 2161
2160 2161
30 2162
738 2162
1080 2162
2163 2162
1073 2163
1303 2163
1348 2163
2162 2163
87 2164
279 2165
1343 2165
118 2166
957 2167
834 2168
876 2168
1557 2168
1586 2168
2083 2168
2169 2168
131 2169
683 2169
1546 2169
2168 2169
1357 2170
2171 2170
2170 2171
52 2172
525 2172
1467 2172
1628 2172
939 2173
2174 2173
2173 2174
4 2175
982 2175
1256 2175
2176 2175
4 2176
595 2176
982 2176
1016 2176
1256 2176
1382 2176
644 2177
2367 2177
2371 2177
76 2178
88 2178
415 2178
737 2178
1309 2178
1979 2178
2024 2178
257 2180
525 2180
2182 2180
2183 2180
95 2181
142 2181
525 2181
1388 2181
2197 2181
95 2182
239 2182
525 2182
858 2182
1139 2182
2072 2182
2131 2182
2133 2182
2172 2182
2180 2182
2198 2182
2231 2182
2232 2182
2233 2182
95 2183
70 2184
441 2184
1131 2185
1500 2185
1538 2185
756 2186
901 2186
1279 2186
2199 2186
172 2187
756 2187
1692 2187
69 2189
454 2189
847 2189
1395 2189
1682 2189
454 2190
2022 2190
387 2191
144 2192
213 2192
495 2192
537 2192
2194 2193
214 2194
324 2194
1120 2194
2193 2194
2195 2194
594 2195
663 2195
2194 2195
2181 2196
95 2197
734 2197
736 2197
965 2197
1388 2197
2181 2197
751 2198
2055 2198
2182 2198
95 2199
456 2199
544 2199
680 2199
731 2199
901 2199
1580 2199
2186 2199
2200 2199
2201 2199
95 2200
1580 2200
2199 2200
95 2201
734 2202
736 2202
2181 2202
731 2203
1279 2203
1801 2203
2330 2203
1951 2204
1952 2204
2521 2204
48 2205
788 2205
1952 2205
48 2206
1951 2206
979 2207
1200 2207
1483 2208
108 2209
1504 2209
1647 2209
104 2210
864 2210
2356 2211
708 2212
710 2212
1392 2212
2216 2212
51 2213
421 2213
710 2213
51 2214
1201 2214
2216 2214
51 2215
457 2215
1724 2215
457 2216
708 2216
2214 2216
2215 2216
96 2217
175 2217
2023 2217
2164 2217
1459 2218
475 2219
485 2219
1838 2219
1169 2220
2221 2220
2525 2220
823 2221
1148 2221
1317 2221
1739 2221
2507 2221
75 2222
284 2222
2224 2222
2225 2222
75 2223
84 2223
284 2223
2224 2223
75 2224
84 2224
284 2224
2223 2224
2225 2224
75 2225
284 2225
583 2225
2222 2225
2224 2225
84 2226
284 2226
2224 2226
266 2227
634 2227
1269 2227
1399 2227
2228 2227
809 2228
1396 2228
1501 2228
2227 2228
2394 2228
2395 2228
266 2229
601 2229
482 2230
606 2230
938 2230
2182 2231
2292 2231
315 2232
1376 2232
636 2233
2182 2233
2291 2233
1515 2234
612 2235
676 2235
151 2236
805 2236
1969 2236
2237 2236
1240 2237
2236 2237
22 2238
151 2238
152 2238
706 2238
1702 2238
1703 2238
1969 2238
2237 2238
2239 2238
152 2240
963 2240
1157 2240
1530 2240
2399 2240
500 2241
1503 2241
2242 2241
2241 2242
2539 2242
1107 2243
2245 2243
2246 2243
281 2244
2243 2244
2243 2245
2246 2245
2243 2246
2247 2246
281 2247
1325 2247
2509 2247
2543 2247
348 2248
856 2248
996 2248
1071 2248
1135 2248
1138 2248
1366 2248
1461 2248
1545 2248
2249 2248
2248 2249
2518 2249
2671 2249
283 2250
348 2250
1138 2250
1260 2250
121 2251
1158 2251
2252 2251
121 2252
1158 2252
1697 2253
1146 2254
102 2256
1878 2256
1290 2258
1419 2259
1436 2259
2335 2259
2337 2259
1417 2260
1419 2260
718 2261
1015 2262
1143 2262
94 2263
1015 2263
2490 2263
984 2265
1324 2265
1395 2266
2267 2266
2321 2266
2364 2266
1395 2267
2266 2267
309 2268
383 2268
733 2268
1160 2268
1278 2268
2291 2268
20 2269
370 2269
392 2269
1619 2269
1903 2269
20 2270
128 2270
1354 2270
2269 2270
2375 2270
1441 2271
1441 2272
1370 2274
1441 2274
1527 2274
1441 2275
1954 2275
868 2276
1115 2276
1844 2276
839 2277
2074 2277
850 2278
110 2279
565 2279
2466 2279
242 2280
270 2280
279 2280
838 2280
1131 2281
2405 2281
816 2282
1131 2282
1351 2282
1655 2282
1131 2283
1382 2283
989 2285
2284 2285
2286 2285
1549 2286
1901 2286
2285 2286
610 2287
826 2287
2288 2287
114 2288
610 2288
2287 2288
444 2289
584 2289
2464 2289
444 2290
1207 2290
2464 2290
2496 2290
377 2291
481 2291
733 2291
1265 2291
1682 2291
2268 2291
2292 2291
2231 2292
921 2293
1535 2293
2155 2293
1141 2294
2155 2294
86 2295
897 2295
1110 2295
1655 2295
2155 2295
313 2296
1134 2296
2230 2296
1796 2297
2298 2297
1795 2299
2297 2299
1196 2300
733 2301
2008 2301
733 2302
1692 2302
45 2303
733 2303
469 2304
2385 2304
309 2305
453 2305
1278 2305
1818 2305
1909 2305
2306 2305
453 2306
1818 2306
2305 2306
1067 2307
1742 2307
159 2308
482 2308
531 2308
2559 2308
210 2309
461 2309
994 2309
1021 2309
1043 2309
1268 2309
1399 2309
1869 2309
21 2310
1920 2310
2056 2311
2576 2311
61 2312
1333 2312
873 2313
767 2314
1344 2315
1343 2316
25 2317
1403 2317
1928 2317
1681 2318
695 2319
1681 2319
1682 2319
1682 2320
344 2323
1444 2323
1282 2324
1283 2324
1735 2324
1776 2324
1768 2325
1991 2325
878 2326
1782 2326
699 2327
1490 2327
1778 2327
2328 2327
137 2329
397 2329
2144 2329
2330 2329
2331 2329
2203 2330
2329 2330
2144 2331
1125 2332
1481 2332
1669 2332
1042 2333
1047 2333
1588 2333
174 2334
1725 2334
151 2335
627 2335
1481 2335
1519 2335
2001 2335
2259 2335
2336 2335
1046 2336
1428 2336
2335 2336
2524 2336
2259 2337
1558 2338
843 2339
1191 2339
1558 2339
2340 2339
1558 2340
2339 2340
780 2341
1259 2342
279 2344
1080 2344
2343 2344
2475 2344
1692 2345
1469 2346
1692 2346
2349 2346
456 2347
1692 2347
1692 2348
2001 2348
1498 2349
1692 2349
2346 2349
2358 2349
1178 2350
1417 2350
1529 2350
394 2351
906 2351
1064 2351
1129 2351
1064 2352
1129 2352
577 2353
906 2353
1129 2353
577 2354
94 2355
2357 2355
675 2356
934 2356
2211 2356
2355 2356
2357 2356
39 2357
94 2357
1846 2357
2355 2357
2356 2357
631 2358
1185 2358
1460 2358
1469 2358
2349 2358
290 2359
480 2359
687 2359
797 2359
1171 2359
1175 2359
1189 2359
1433 2359
1834 2359
27 2360
606 2360
2027 2360
2578 2360
606 2361
442 2362
125 2363
1555 2363
667 2364
2051 2364
2266 2364
391 2365
616 2365
970 2365
998 2365
1565 2365
1709 2365
46 2366
1738 2366
15 2367
395 2367
765 2367
894 2367
1147 2367
1271 2367
1598 2367
2177 2367
2368 2367
2369 2367
2370 2367
2371 2367
2367 2368
2370 2368
2367 2369
2370 2369
2368 2370
2369 2370
1147 2371
2177 2371
2367 2371
480 2372
267 2373
20 2374
20 2375
2270 2375
783 2376
813 2376
911 2376
1061 2376
1202 2376
372 2377
1018 2378
2001 2378
1107 2379
2002 2379
91 2380
2001 2380
2123 2380
1662 2381
814 2382
1158 2382
588 2383
808 2383
814 2383
893 2383
1051 2383
1484 2383
2382 2383
1655 2384
191 2385
1338 2385
2102 2385
2103 2385
2304 2385
299 2386
885 2386
1082 2386
271 2387
1510 2387
175 2388
728 2388
945 2388
1377 2388
1740 2389
2451 2389
489 2390
1740 2390
2391 2390
489 2391
1740 2391
535 2392
1740 2392
2451 2392
1634 2393
88 2394
471 2394
504 2394
1027 2394
1085 2394
1174 2394
1396 2394
1399 2394
1420 2394
1421 2394
2228 2394
2395 2394
2397 2394
724 2395
1396 2395
1501 2395
2394 2395
504 2396
1420 2396
2394 2396
1662 2398
2493 2398
43 2399
963 2399
1443 2399
2434 2399
43 2400
963 2400
963 2401
2434 2401
2435 2401
781 2402
2403 2402
836 2403
2402 2403
120 2405
483 2405
1842 2405
1979 2405
1980 2405
2281 2405
2043 2406
573 2407
643 2407
1313 2407
434 2408
1693 2408
716 2409
1057 2409
2411 2410
2410 2411
197 2412
1997 2412
1725 2413
2415 2413
2413 2414
915 2415
2413 2415
2597 2415
1152 2416
2416 2417
57 2418
65 2418
572 2418
1293 2418
2021 2418
74 2419
497 2419
640 2420
757 2421
1920 2422
279 2423
304 2423
518 2423
2151 2423
195 2424
1622 2425
2426 2425
2425 2426
37 2427
349 2427
2428 2427
2427 2428
250 2429
201 2430
570 2430
2432 2431
2431 2432
1233 2433
375 2434
963 2434
1087 2434
2401 2434
375 2435
2401 2435
1507 2436
2031 2436
2112 2436
167 2437
168 2437
2438 2437
168 2438
2437 2438
867 2439
2530 2439
657 2440
1229 2440
2530 2440
1229 2441
1599 2441
867 2442
1229 2442
2614 2442
1742 2443
16 2444
464 2444
1710 2444
1742 2444
2503 2444
464 2445
2503 2445
609 2446
1216 2446
1712 2446
1716 2446
1749 2446
2447 2446
2448 2446
609 2447
1037 2447
609 2448
762 2448
1041 2448
1067 2448
1523 2449
389 2450
754 2450
969 2450
1077 2450
1284 2450
1412 2450
1620 2450
2113 2450
268 2451
367 2451
752 2451
1757 2451
1804 2451
2389 2451
2390 2451
2391 2451
2392 2451
2451 2452
2685 2452
354 2453
1839 2453
99 2454
99 2455
122 2455
123 2455
672 2456
499 2457
1917 2457
2458 2457
2649 2457
2457 2458
760 2459
2689 2459
760 2460
1599 2460
89 2463
340 2463
1157 2463
444 2464
515 2464
584 2464
828 2464
1102 2464
1530 2464
1795 2464
2289 2464
2290 2464
2465 2464
515 2465
1102 2465
2464 2465
425 2466
533 2466
1007 2466
1758 2466
2279 2466
2017 2467
2468 2467
2467 2468
1475 2469
614 2470
1475 2470
2493 2471
192 2472
456 2472
591 2472
642 2472
667 2472
1017 2472
217 2473
2648 2473
243 2474
1928 2475
2344 2475
105 2476
524 2476
564 2476
1169 2476
1596 2476
1721 2476
2651 2476
1359 2480
610 2481
840 2481
167 2482
1056 2482
385 2483
2484 2483
369 2484
385 2484
2483 2484
1592 2485
1792 2485
2050 2485
1684 2486
2147 2486
85 2487
85 2488
1608 2489
94 2490
1960 2491
758 2492
1765 2492
157 2493
855 2493
2398 2493
417 2494
2495 2494
1130 2495
1641 2495
388 2497
703 2497
1578 2497
271 2498
1484 2498
1117 2499
1524 2499
722 2500
1874 2500
1092 2501
1106 2501
1321 2501
1874 2501
858 2502
403 2503
1038 2503
1216 2503
2445 2503
137 2504
2095 2504
406 2505
114 2506
353 2507
2221 2507
507 2508
1941 2508
1365 2509
1987 2509
2114 2509
2247 2509
2519 2509
1899 2510
2203 2511
569 2512
1154 2514
2515 2514
246 2515
2530 2515
694 2516
801 2516
2517 2516
2516 2517
148 2518
381 2518
996 2518
1257 2518
2249 2518
2114 2519
2115 2519
2509 2519
1429 2520
1484 2520
2204 2521
657 2522
867 2522
657 2523
867 2523
1428 2524
2336 2524
154 2525
2220 2525
560 2526
585 2526
540 2527
826 2528
1226 2528
959 2529
871 2530
2439 2530
2442 2530
2515 2530
1026 2531
1201 2533
620 2534
729 2534
1159 2534
2535 2534
1186 2535
1307 2536
117 2537
381 2538
450 2538
492 2538
2518 2538
237 2539
2242 2539
2632 2539
2539 2540
843 2542
269 2543
1000 2543
2247 2543
3 2544
10 2545
466 2546
628 2546
952 2546
582 2548
582 2549
1812 2550
269 2551
728 2553
748 2553
1368 2553
1470 2553
1911 2553
1136 2554
792 2555
961 2555
1728 2555
2338 2555
1249 2556
1610 2557
626 2558
1249 2558
1610 2558
2308 2559
1717 2560
2561 2560
292 2562
1036 2562
1050 2563
1081 2563
194 2564
1380 2564
1451 2564
953 2565
2566 2565
2567 2565
953 2566
2565 2566
953 2567
2565 2567
1023 2568
477 2569
930 2569
727 2570
1386 2570
2572 2570
1386 2571
2570 2572
1877 2573
2570 2573
1186 2574
1008 2575
1680 2576
2056 2576
1235 2577
1663 2577
27 2578
972 2579
1086 2579
1225 2579
186 2580
972 2580
1228 2580
1536 2580
83 2581
449 2581
0 2582
1166 2582
247 2583
876 2584
558 2585
1706 2585
1375 2586
1046 2587
2114 2588
1498 2590
234 2591
1552 2591
793 2592
1741 2593
218 2594
2680 2594
833 2595
1589 2596
1725 2596
1745 2596
1751 2596
915 2597
1358 2597
1389 2597
1725 2597
1734 2597
2415 2597
329 2598
1728 2599
2555 2599
832 2600
1488 2601
2609 2601
99 2604
123 2604
127 2604
1348 2605
670 2606
1003 2607
891 2608
1674 2608
1900 2608
411 2609
2601 2609
1049 2610
1239 2611
1280 2612
1516 2612
1095 2613
9 2614
723 2614
332 2615
2696 2615
64 2616
1737 2616
166 2617
2618 2619
1925 2620
1959 2621
946 2623
44 2624
2701 2624
2626 2625
2625 2626
929 2627
692 2629
1957 2630
66 2631
2539 2632
1563 2633
2635 2634
2634 2636
2693 2636
2120 2637
917 2639
1519 2640
936 2641
16 2642
358 2642
364 2642
1756 2642
111 2643
29 2645
258 2645
706 2645
1443 2645
473 2647
1686 2647
2473 2648
1915 2649
2457 2649
59 2651
105 2651
2476 2651
357 2652
2439 2652
1920 2653
403 2654
1037 2654
2655 2654
1252 2656
2522 2656
1642 2657
1642 2658
967 2659
1673 2660
12 2661
1318 2661
12 2662
1318 2662
1432 2663
1605 2663
1438 2664
2666 2665
2665 2666
45 2667
486 2667
1020 2667
2075 2667
2076 2667
2668 2667
14 2668
486 2668
2075 2668
2667 2668
592 2669
837 2670
1194 2670
2679 2670
428 2671
726 2671
1071 2671
1109 2671
1135 2671
1257 2671
1533 2671
1688 2671
2672 2671
2673 2671
2674 2671
2675 2671
2671 2672
492 2673
1257 2673
2671 2673
2671 2674
1109 2675
2671 2675
2674 2675
200 2676
1439 2676
1257 2677
492 2678
1257 2678
177 2679
1257 2679
1639 2679
2670 2679
2594 2680
209 2681
361 2681
1390 2681
1449 2681
2683 2681
177 2682
2681 2683
1320 2684
1349 2684
296 2685
732 2685
1554 2686
1657 2686
1554 2687
2688 2687
1554 2688
1657 2688
2687 2688
2459 2689
2554 2689
611 2690
206 2691
1310 2692
2636 2693
431 2694
2695 2694
431 2695
2694 2695
2615 2696
986 2697
1400 2698
1151 2700
44 2701
2624 2701
186 2702
1536 2702
1298 2703
641 2704
287 2705
165 2706
169 2706
1473 2706
165 2707
598 2707
1473 2707
2706 2707
91 2336
1284 1015
2413 419
1902 2402
1875 118
1039 730
8 231
2175 491
520 669
1276 2567
1054 333
401 1146
2394 1693
933 1947
1391 775
1180 774
248 281
1975 1631
1441 1478
1298 1547
1346 1470
303 288
1593 288
1479 1654
907 2412
454 890
2087 1926
1031 1950
310 938
559 1870
789 1638
1413 1969
133 1354
1959 567
1895 331
355 967
2487 1400
2424 1831
2287 553
2139 825
578 2312
2519 1052
2414 1452
1476 2208
100 194
2117 1477
400 1230
1078 2359
1887 799
869 1534
2049 889
762 2705
1890 2181
1148 1140
2421 696
768 273
1819 520
2274 592
496 1531
594 2571
2151 2345
2501 573
692 869
1624 42
854 2494
2156 624
2133 604
1600 757
1045 1307
313 2231
2083 870
2583 2258
1466 1642
586 1915
125 1166
1307 3
1119 2211
967 862
2075 1524
2592 428
1695 2322
235 736
683 2219
2554 203
1499 730
803 1465
1992 2200
2161 1618
2130 1995
29 2579
1563 1472
1558 640
1438 1170
1983 1480
2235 1913
1880 1373
355 1548
172 767
2176 1888
787 2369
23 2164
1879 2079
1510 2360
2035 2665
2015 173
554 1111
490 418
1804 2398
2413 1303
1372 1224
1783 123
530 2523
1166 1573
167 746
1980 1748
637 1349
1193 2279
59 37
1344 2677
132 1236
221 1887
931 2164
1556 1567
1719 2086
1894 167
1755 1140
1803 621
2290 1840
254 701
873 1786
143 1804
1144 66
750 1550
958 1282
1677 1948
2480 886
116 417
1712 1690
2260 930
1290 1064
1926 924
1449 707
2335 247
2432 2542
481 2182
554 1395
1256 695
961 878
1006 2699
1631 2164
597 2055
1118 1565
2229 2138
1294 1018
2510 580
840 950
1679 917
1117 2218
1831 1746
457 210
2178 1671
1219 498
362 1685
2156 1472
499 1610
2331 1152
1016 2217
2420 1430
1404 1280
340 2607
908 687
446 1724
839 1111
466 757
2566 1610
1293 261
2148 179
258 2475
1498 2587
453 817
951 523
1067 2087
1067 1596
2216 423
909 1815
1545 25
448 1355
520 2129
440 472
2220 1342
1071 1501
499 514
1600 2482
1282 2497
1433 220
2160 2413
409 1923
1223 1866
213 1448
1246 2419
1613 404
1993 2316
450 1044
53 810
2125 1577
2084 1370
2203 1562
2653 742
2702 538
601 1017
1975 2003
1185 910
1489 1788
20 1297
12 747
209 873
2631 938
523 937
842 1632
1198 2218
8 1889
1961 2247
1499 1447
814 440
2157 682
1962 2268
1251 2547
1397 495
73 492
2354 2524
729 1773
1193 115
2311 1016
1448 2489
1608 1853
885 780
826 2050
1852 174
2618 1105
1382 1663
711 1222
1145 1996
2321 1978
1321 1306
2050 506
935 29
1039 313
904 2373
1423 272
313 1490
873 703
959 262
946 1080
2389 1285
771 1892
1769 2485
1610 2079
1370 1402
998 1952
1165 2027
1491 608
1400 2268
2011 1370
2458 184
813 1982
1675 1529
2137 2179
2599 58
2536 1995
938 24
2601 2284
1668 1037
2631 2373
2601 599
760 2586
18 756
2401 949
246 2434
2563 687
2117 1615
134 2088
450 850
1388 2704
1606 1183
1683 1464
932 95
2166 1253
65 685
2345 2265
1596 1824
1389 1787
2417 2327
2556 1376
2009 729
346 377
425 2033
2229 624
1532 2522
353 502
147 1915
1362 1449
2682 2605
1720 1052
107 1227
2270 2292
1917 1723
2171 625
1789 1438
577 162
1849 737
478 2064
2500 383
1357 259
2406 1408
1487 1465
2592 2605
733 1063
2350 2607
111 1595
2007 603
1661 1729
182 902
91 1718
1556 1054
1554 2251
1937 544
2485 1756
2137 2318
1211 2430
927 1252
1569 226
1346 1605
1697 2342
910 1621
845 291
1359 1563
470 545
385 1879
1671 2057
723 266
105 704
2620 1324
2385 80
449 2045
2536 1718
532 575
1628 2681
2361 1601
2541 580
185 2564
2542 746
1135 373
2109 1083
1546 2363
523 259
1530 2565
2420 1831
685 2357
543 214
920 2331
1928 2605
2321 683
2282 958
720 1688
299 363
527 534
1521 422
1475 1078
2127 1680
1183 1527
2548 1833
1757 877
2518 49
452 606
1161 619
2393 731
2636 2017
2436 1721
2533 1529
1546 1272
1066 603
1589 1543
2147 1802
2389 892
2126 2452
782 1999
1384 653
1246 1594
277 2269
105 52
781 1644
732 1299
1351 860
2598 667
1092 2694
1463 2640
1266 1455
2288 1191
2640 1371
2614 1335
1125 1353
245 2111
2159 2362
226 614
624 639
1346 402
2072 2497
2410 86
2122 2068
136 1974
2518 658
1462 731
1571 779
2297 784
435 1800
2265 786
2515 1220
2283 2612
2480 1607
2276 763
843 2150
702 2558
1196 945
652 1870
549 1768
1365 1564
1802 964
1244 1246
188 1684
2568 528
2448 1973
2475 900
767 268
1894 2516
1766 39
274 1887
1056 1783
631 2102
850 605
360 2471
2408 1604
1465 52
2140 1487
2415 1933
1018 1599
6 119
1618 350
594 2092
42 516
2100 1479
85 893
298 2601
1462 1265
1529 1626
2331 360
1178 2406
2415 921
18 1790
2015 1496
1227 351
2599 78
434 487
1131 2141
986 1694
1207 1908
2585 2350
1840 1729
1598 2693
2128 2680
547 1860
1214 2539
985 883
1138 1528
1903 1587
1264 1605
194 1871
808 79
2541 203
386 2316
2399 1096
1266 526
1199 824
2298 2066
1617 510
688 926
1614 469
2538 682
971 1009
104 1715
1450 1259
647 349
730 2206
1687 620
1687 709
1286 152
915 2539
1932 2523
1140 848
1111 1769
2326 1804
1921 665
713 530
2367 204
415 2161
197 2493
1554 833
860 5
1093 1252
1960 1694
2584 2276
2573 2313
2177 2322
1721 1123
204 1434
686 1860
400 2126
355 424
2496 391
1702 488
2344 874
754 601
2277 130
998 1404
424 1110
2448 1039
676 147
1702 2592
1459 2577
2075 1134
88 116
191 1596
1609 651
603 695
2279 2339
2594 1659
1952 1693
1783 2126
1923 2651
879 873
2544 1770
2705 2545
1787 1518
952 2188
1712 1746
1482 2308
2522 831
1032 1838
549 313
1382 922
2192 1370
630 2370
1030 1260
1166 727
704 154
471 740
1573 1674
1566 1041
522 2402
213 1086
1246 2665
818 2488
1785 2392
977 2263
1384 1324
1965 884
1832 1976
1019 562
2095 668
2039 439
109 1721
2140 637
503 1254
27 519
2366 2459
2324 553
877 1591
1964 110
51 2669
1294 1378
1823 97
629 9
785 1567
1495 1936
2570 2270
1686 1481
1769 1759
1826 1292
2026 2591
737 357
1606 1889
544 2476
1833 1163
2314 1011
1815 598
662 2674
1241 1192
750 318
1463 2661
2416 2182
2474 2274
475 362
2182 2590
1078 680
206 1151
30 1659
2661 533
2534 1908
1575 57
1566 519
1003 198
2490 2076
1255 1111
1687 2021
530 163
1545 1552
323 2115
752 1703
1189 1632
1717 1836
2624 425
146 910
5 1830
413 749
2099 605
440 2632
2700 766
574 1913
2392 1921
1991 1120
1022 1359
1011 2504
137 1882
1084 838
778 725
2004 2105
1520 1640
816 21
1187 1390
5 1816
174 944
72 2031
2350 398
2554 649
217 2210
1341 554
1063 2034
2356 2131
1838 591
477 874
569 1841
2298 912
2231 1999
1392 276
2128 2440
1651 1318
1321 1810
2669 1329
2617 253
1815 1389
1225 1491
2591 366
586 1550
1058 1455
364 223
2144 1141
1248 208
898 855
1300 2147
1912 42
1410 2571
1008 1608
146 1332
173 812
365 2185
2127 2492
2653 124
2634 2650
1778 1957
781 1777
2413 519
1380 2143
194 2094
490 1753
427 760
2046 1543
1250 956
2045 2381
267 2540
1691 1088
2084 1495
2645 525
1055 1490
2124 1009
2238 2022
102 2047
833 1405
1956 1818
267 1855
1191 1104
1567 2598
438 378
1777 478
1066 827
559 2685
1536 741
1270 647
455 2050
2147 658
2578 2419
1353 1365
421 1713
1787 1852
2638 2614
2396 862
1954 2071
2404 209
207 235
1102 371
805 2374
1642 2569
2089 308
189 1523
1731 522
1747 2689
33 1830
1273 1985
2613 804
318 1410
644 2308
1930 2045
192 2521
1726 1370
1079 1301
156 755
2676 868
209 1847
2677 515
182 1393
2545 1816
343 1859
2703 373
1330 1911
587 1098
1063 2422
2441 684
539 352
1215 161
558 532
652 437
598 2481
276 953
8 993
2672 18
1927 2577
1449 2110
1095 2289
2184 1211
474 1862
547 759
1445 28
318 34
68 2173
920 1298
1542 490
1938 620
2362 906
2165 2644
1448 407
487 2653
2144 1868
1916 2270
847 458
310 888
1716 239
1900 971
965 1687
2282 1219
2265 340
136 2577
588 857
601 1862
768 1230
1160 1194
1002 2376
876 266
132 1083
1295 489
2682 2447
56 1731
633 1688
624 2515
672 1198
626 862
27 859
199 2370
1536 871
1113 2429
1888 2282
755 2134
2483 889
1514 109
1916 1834
511 347
940 2200
1060 312
1479 726
362 1802
741 212
250 2158
51 972
1702 115
1035 1738
47 2671
2378 1425
1006 2650
40 19
981 1869
2594 2675
1836 664
1982 1304
611 1521
1384 682
1489 953
942 2043
1482 1076
395 648
1235 1664
1982 1987
2312 1054
1732 581
555 164
364 1362
2340 1556
1070 741
1792 1041
266 1998
1007 1897
2591 1425
333 903
1055 2459
1339 135
1165 1264
1200 655
24 1910
288 1473
1838 1140
1534 1364
2464 2313
912 1652
25 2487
952 2516
1536 2429
752 1809
1260 691
252 1447
2134 820
814 2294
502 2481
1816 1158
1655 812
601 1147
2698 2509
2184 740
1518 452
1197 13
1981 2303
709 1016
1127 704
1707 2456
2194 1712
1773 69
1703 296
2393 1034
1685 1069
2019 2346
510 1654
132 2404
921 2621
422 2615
2109 847
2066 2109
626 2450
172 846
1623 253
2170 1521
2461 1623
2345 1837
1747 104
1010 701
201 1332
1755 1292
1561 2427
988 748
1262 1270
2699 946
1659 997
1527 2291
2120 1193
707 599
2384 1132
1030 794
480 2704
1318 68
944 330
1219 1568
16 928
61 1644
2215 1960
1288 1902
1255 1810
525 1814
2089 1708
1765 2496
1597 2462
90 1624
2206 1806
2621 944
735 834
1288 2079
1222 1267
172 866
2103 1707
846 2352
1512 118
2200 1204
395 2438
1507 943
1495 1928
2510 2414
1370 237
314 2046
2030 1998
1978 1566
152 2631
921 610
110 2353
69 1739
2047 1315
888 1322
1942 2347
480 453
857 2040
778 1800
2564 1290
1812 2010
1511 710
2315 935
1978 177
257 1666
871 1933
312 1478
662 2326
641 1806
2326 891
977 1675
1441 641
921 331
326 2549
441 1579
1531 211
2059 1246
297 2492
613 2700
333 770
1481 980
801 680
2388 2626
2251 33
238 1254
1372 631
746 1142
2073 1131
1506 1777
493 2318
1445 2232
1031 2186
50 2293
2337 1970
2679 1460
2172 1925
1455 1846
9 2212
1516 600
757 780
2673 554
1535 2063
1276 2122
2376 84
751 2030
462 1689
2657 1071
1175 184
1694 1415
480 2176
2466 709
847 765
1053 2635
2091 1892
1161 813
483 131
2704 1185
967 1928
701 2258
1080 1515
867 136
976 566
744 1979
1271 1431
2262 1594
2504 1680
872 155
2245 806
863 83
2055 1160
2631 1745
1551 1983
1131 453
698 715
2320 723
1539 289
1984 38
2602 2381
411 1542
2267 1723
2052 549
126 1946
204 329
1368 711
986 853
1702 1079
1722 160
1591 92
263 1682
922 574
127 74
1560 234
2664 112
2463 1905
1229 2546
495 1440
395 1922
829 2672
411 2589
2439 2548
386 2596
2540 324
1541 1133
19 337
2655 352
608 2299
2409 636
1821 1659
2493 1753
2262 1666
2591 2095
1645 95
1909 568
1808 1525
1884 2587
1353 1997
1905 1793
1072 1137
285 2686
190 1812
1145 34
598 2419
649 1474
673 1296
2161 2158
183 1502
2009 635
2472 383
252 2430
1502 576
92 2235
35 1511
2386 1679
378 2076
1146 686
119 146
1516 529
370 551
1279 2602
1215 135
1859 1402
1630 1744
2542 2473
2646 1447
2408 2662
192 1230
1682 895
2634 2206
760 686
504 1456
1948 741
715 2169
2366 1247
2430 2294
2584 647
171 2019
2221 132
572 1825
223 2520
658 131
1504 987
1889 1143
62 1708
1803 284
2569 104
1747 1347
1332 704
1910 1146
2151 2073
2676 433
332 945
887 2249
1037 963
1608 857
692 1274
1451 1070
2026 2130
2338 1045
1025 2534
433 2153
2069 2593
361 1564
138 1017
1608 50
1271 236
2098 1188
2283 1578
2422 1736
1597 1615
650 628
1351 660
1720 2107
417 2495
2671 961
1061 729
1451 1854
1775 728
1241 1075
1797 539
1028 662
1633 1317
1618 649
2397 1665
363 2013
396 1387
701 810
906 541
2065 679
620 2502
1369 1171
2049 2398
375 643
1926 380
90 2204
2292 885
797 1555
1764 1380
370 1688
1691 2248
1212 2502
724 2582
145 2685
2290 633
1722 2645
1039 1374
1144 2040
1409 808
1416 2355
1034 2377
566 2189
2639 278
2168 718
1817 383
1809 1641
2288 2582
934 1185
1062 441
1988 1308
958 1534
1540 10
2582 1113
2118 2556
38 758
312 1338
1449 2326
1591 2419
1759 820
2490 2500
614 1149
785 192
196 1502
649 2170
1404 2084
2375 1216
2214 161
2461 2318
1825 1471
2164 1322
163 1062
1730 2001
286 716
946 2650
1502 2671
2535 90
2481 1728
2090 2099
162 1292
2229 2356
2101 685
443 823
1136 439
117 2259
467 1494
1188 1619
526 63
1246 705
1863 139
1004 1113
2305 863
739 1037
1955 2655
350 839
990 790
1957 1494
1820 2076
937 413
2142 400
2566 2551
93 1455
1206 1319
746 1208
458 1573
1781 1349
1285 2451
1515 432
1718 1677
1711 2476
1839 749
2266 331
144 272
2395 2029
1268 684
1075 2409
1542 1640
883 2471
1717 880
1437 2111
2125 1916
1552 509
920 733
2194 1579
2522 1784
161 1623
57 287
1995 1613
647 936
489 412
713 2463
974 1537
697 1513
203 1552
2016 1327
1425 1732
933 2511
339 2618
1040 1045
387 1463
502 1220
660 1591
1666 371
1153 2658
551 649
841 2209
2638 2376
2655 2046
305 742
1233 1440
570 54
2363 744
1183 2694
1489 1854
2668 447
919 1434
1525 146
2697 2351
530 1627
2354 1230
1718 1820
2272 2574
863 1132
0 2470
863 1159
1116 95
2068 1301
1381 581
1472 2420
379 1696
104 152
2692 2536
1709 2213
105 53
1904 858
2193 1360
2274 1829
196 1456
1945 2115
457 2274
988 1358
861 977
428 815
847 229
1593 732
2397 935
2594 490
2329 910
1594 2396
1346 1346
1492 2002
811 1615
2162 2228
807 59
225 1773
1188 2623
2201 1546
2141 58
2146 151
5 2550
1494 119
1131 1629
2400 1152
2595 954
1908 1981
1922 961
865 2074
311 343
834 2347
1735 619
1303 68
2117 626
2 722
144 2007
1148 1565
1350 1663
77 518
2651 1534
1588 1438
2136 823
1625 628
2093 556
2511 875
1007 78
910 1010
2144 1426
2672 2645
2635 959
2498 31
2690 1502
53 1439
126 1220
897 35
797 2484
73 287
1800 1065
687 207
2051 1005
553 2704
354 171
2588 2226
162 2267
2506 2392
1780 585
884 2230
1538 369
755 2478
212 757
157 1633
670 1659
531 862
361 2508
503 108
2188 1394
2297 770
1987 2474
2533 2178
1943 1739
259 596
15 1014
32 1309
1516 548
2488 1809
380 2501
54 1342
2391 2123
616 84
1479 307
172 362
547 1608
1453 1876
524 1863
263 444
2505 442
2545 1691
2036 1181
1862 1668
2625 875
1456 191
2410 1088
2226 166
118 507
1876 1892
2168 1096
1209 1860
2185 821
498 1683
1229 2348
1667 1703
744 1040
2694 807
979 882
2054 1606
1945 1287
2621 1208
2429 1579
743 2387
2544 1626
382 1736
1276 2654
54 2104
1065 1114
792 232
1896 782
627 1747
1812 2188
1724 391
435 1441
2520 2056
1638 1201
817 492
1482 2020
2412 1760
536 709
649 105
2526 753
973 2140
570 1988
916 439
992 732
1733 1622
1074 2332
1754 261
313 1760
1344 415
1405 1349
298 448
1637 2085
1037 670
1060 788
424 998
1450 1051
2127 1752
2624 153
435 1515
1062 1847
1410 1981
136 992
898 1058
223 2387
1051 1340
820 2645
997 1015
1199 1882
1237 1805
1873 1150
1606 771
40 1196
2093 1090
658 1816
2 678
1636 2375
2230 274
685 1349
104 1238
135 1792
379 896
294 37
2671 2240
1129 499
908 836
1590 1349
907 373
1068 174
1921 267
1821 1389
1631 1647
1072 1368
716 387
37 2638
132 276
560 2440
197 15
203 276
198 2086
186 1969
8 2413
638 2180
1140 2154
2327 2437
2542 219
2624 625
166 1524
467 1126
59 1873
836 276
1699 1433
1886 1608
2252 1297
1870 1656
163 4
1063 585
1111 1842
1364 2441
1013 2009
1913 1438
388 1239
2461 2405
424 81
2183 2617
2125 2248
2576 1096
1694 1561
207 438
288 1322
535 592
652 918
903 1987
2390 211
1019 2098
1865 2501
168 812
800 2384
2008 1544
1142 721
645 1812
1997 566
1266 1142
1653 1842
2030 675
2215 2548
1127 2375
147 586
61 2342
1 215
1141 2618
2305 158
1756 411
2645 1939
1140 58
216 453
2448 608
1090 1446
653 2572
571 913
1628 833
1815 2702
1004 272
1173 1890
1860 1412
2594 1472
1720 1671
2585 1993
285 742
1055 1373
2513 2430
2258 1714
2157 2499
2330 2147
204 2008
1024 475
2318 636
359 2454
3 2376
1741 41
778 850
2696 181
984 1886
14 1365
1072 1670
399 2150
2466 2479
2685 74
2029 239
1281 919
876 998
1986 986
612 1820
1041 732
285 2696
1342 1666
2444 866
414 2521
2667 186
2298 554
2634 1608
1760 2311
2634 2095
2325 606
2478 1383
1723 1663
631 1909
2417 2616
1079 1198
1991 1106
1201 1356
115 2687
1844 864
793 632
1912 1821
2128 2258
1158 4
1804 1791
1782 911
2655 76
1334 1201
1806 2122
484 950
1567 1152
2598 769
407 1687
1482 1870
2378 1120
2290 977
2534 1904
51 182
2083 2318
2639 1361
1026 907
1724 2598
1712 1766
2657 2609
1642 1505
997 588
1925 2179
2292 177
2532 675
1884 2103
710 1761
1810 673
538 1530
831 1199
2426 1030
1594 1937
723 420
1542 809
1971 556
389 661
1947 533
1442 1249
2539 763
384 1806
1164 1758
707 1955
1292 1659
304 1823
2071 829
1745 1212
1952 1296
1230 1507
705 1282
548 198
434 2666
2379 2009
2461 1135
1351 300
742 2390
2638 590
1231 2248
1025 2646
0 2514
1597 2636
1378 793
161 1487
877 1302
464 1828
2010 336
2707 1412
1677 2050
1305 417
1582 1738
2669 2484
1649 423
2526 1348
1085 1670
703 2533
465 1603
1597 2097
838 739
2244 2299
723 2
1525 1699
2374 501
1128 45
1741 1626
2109 2665
2225 182
1614 125
2352 1599
2314 201
219 453
1123 2595
2077 1917
2109 1334
1564 1849
386 2121
1996 1230
2645 1102
1665 2548
1515 1284
1142 2247
1209 768
2086 997
192 416
102 2031
1642 1873
2240 281
655 2305
1593 1741
1595 1172
853 639
283 849
1137 1312
2672 1857
2313 1755
1876 2100
936 753
2419 112
2517 229
2091 303
337 1463
1633 1202
1039 1394
1196 2645
173 2649
2407 533
2515 2108
844 25
893 1674
2367 1761
484 2285
63 1796
221 1295
2480 238
1558 1674
366 555
176 53
2559 1371
2025 1322
1268 2693
694 339
1902 2538
2657 876
337 1417
877 2329
293 2671
686 877
1616 1455
621 913
314 920
2703 2536
1128 1391
483 1733
50 1160
720 871
1314 2692
520 2483
1306 1723
564 2196
1931 1599
1501 1760
2363 1247
2213 473
161 491
241 1912
2419 192
2174 699
519 379
631 160
405 1094
1769 2092
822 992
1337 2163
1737 2643
2254 2280
2416 2019
1676 2190
520 692
1324 1100
777 709
2432 2396
1811 2193
2432 95
113 217
1348 1979
2192 2308
777 190
1390 258
331 1499
1839 244
1906 427
666 1183
1415 457
2187 337
757 996
2472 2136
1479 2416
2383 1678
665 433
173 1827
261 1900
2020 1890
985 2234
1114 1674
1078 311
649 2507
535 253
390 538
3 2542
1647 382
640 499
1206 1240
1534 1714
2157 1259
1953 1302
2342 352
920 1105
1233 1184
2149 1363
2009 548
2333 1063
654 2465
2524 1957
471 607
48 758
1271 1791
1120 1673
1983 2587
288 480
1777 1114
680 1986
2353 325
1406 584
802 935
845 1459
256 1223
19 1919
1030 1515
524 2650
1813 1
982 446
178 2146
2449 1968
491 1468
671 945
277 1838
274 802
2201 2106
356 1980
1788 2419
2008 498
1206 777
1055 2244
1613 1993
1725 2695
1172 1550
974 891
490 1807
862 1765
2618 1501
2033 1362
1921 357
1308 13
2134 2105
475 1990
418 147
2108 1496
794 1894
2635 1731
2261 1361
249 2559
1015 775
2612 1650
223 430
696 902
542 1466
1076 1745
704 92
345 1563
192 879
2257 1715
952 2149
39 2671
1123 1012
273 223
1415 152
1939 1006
860 789
2689 939
1744 786
718 2215
1505 752
941 2510
2073 1248
1545 2258
747 1013
1243 1511
1245 2321
1615 1115
34 2189
2051 1175
2087 2069
2041 701
902 1741
1633 2317
2399 395
457 650
1293 184
1652 2126
1318 2114
46 323
2049 982
1879 356
837 256
629 2036
1808 1614
2706 1275
778 1720
406 1303
1275 368
1945 10
2645 2576
575 413
1981 1829
2473 1823
861 281
613 2163
879 2252
902 2389
1312 2656
2158 517
1540 1598
2197 1940
2434 2698
1049 2473
2623 2468
1115 299
314 423
1129 2356
786 797
1503 370
1420 2135
63 82
2063 1067
946 790
1267 1993
748 1915
2156 2372
2402 2076
1488 2534
48 2164
2428 507
779 2587
2446 2286
2335 2087
1896 2199
2566 1613
2660 2008
170 85
141 634
2653 1894
2612 592
260 2585
50 941
2679 1226
217 883
750 1992
2512 2103
1505 1233
313 2426
1974 84
911 1003
473 1024
2618 963
738 2300
616 1846
1207 837
2455 1902
1206 576
975 18
1186 1806
1975 2501
2456 1714
1289 2311
2447 1603
1186 801
1901 769
461 1667
456 211
549 1497
42 572
2452 2405
386 547
1131 1317
703 2509
309 197
607 681
2630 2295
631 505
1265 1889
488 2580
1896 32
1023 482
1843 915
529 2034
2560 677
2105 85
2364 774
853 154
1877 1313
616 1424
396 27
1718 1956
1301 4
2269 2345
1560 12
449 1566
2129 2531
720 128
810 1950
963 793
1976 207
691 506
1226 834
257 300
2451 1010
1688 1779
181 1257
2551 788
3 1864
308 1645
2615 149
1231 905
2273 2438
1240 23
2688 920
1484 2080
1579 1186
50 733
759 775
2626 467
1540 1714
1498 92
28 750
2175 607
613 1150
91 238
985 1885
2097 2101
1113 1092
872 1334
816 2263
2116 1219
2546 2605
1859 1116
703 999
1660 2571
842 1993
1060 1492
1780 1459
2338 1949
2580 1529
137 2392
2297 683
638 137
347 236
1224 475
2065 1331
1610 2626
2604 1424
1705 2273
8 661
1704 533
2047 456
1625 770
515 702
2496 2035
1220 2363
462 1949
2489 495
2086 2624
1278 854
223 1236
2287 2461
1540 504
1893 1567
91 2248
995 99
422 2138
162 1373
2629 2584
2011 1363
314 1426
40 2450
310 2301
826 2315
2165 927
2408 62
2047 1798
2215 2044
898 2132
1159 2321
2285 1150
2353 2411
2195 1766
230 321
2565 871
29 1237
1403 588
1021 350
1670 521
654 2625
1789 2050
1823 1693
585 1966
239 9
954 2372
441 1545
1208 1050
998 1117
1575 2374
2016 1215
381 2458
634 15
2462 2462
1041 518
494 712
1168 1594
871 112
851 1073
2351 2022
1627 1350
2387 1419
839 2461
499 1061
1835 244
1552 2094
1451 1565
114 2485
957 2416
246 615
2678 2159
1518 97
230 2295
985 1129
675 1002
1882 1587
1220 563
2003 1910
53 871
2547 2542
847 2156
100 2491
2338 1899
2623 84
2110 1987
770 149
1544 2353
361 1653
1446 609
613 931
2016 1720
4 127
415 779
2419 211
940 535
222 2373
1033 1508
2251 1703
90 2114
2260 1788
481 1315
1593 1426
1540 1793
1792 784
2171 1021
453 1851
1343 456
312 2328
1616 191
1649 2446
418 312
78 195
1069 435
56 526
431 432
2404 641
1 907
432 2554
1498 287
1392 1170
2417 579
956 1526
2381 2349
1475 742
1773 2369
685 1052
322 1965
1623 1891
2218 474
2005 1288
2323 1067
396 826
2397 480
936 2154
1901 2259
1077 2503
2646 1179
207 551
1364 1031
314 2074
211 985
2102 1170
950 1258
1064 222
2132 788
760 879
1173 2153
1913 2245
533 1819
1068 2078
350 1562
800 304
414 754
1055 1450
671 1498
708 2319
1033 678
1153 230
480 123
1673 2154
305 1678
1771 2010
2470 936
2581 465
1375 1307
1209 2304
1906 1093
420 2658
868 1613
1249 1107
2418 2551
423 1254
215 1903
1921 2330
2160 76
1827 1465
1680 1562
1525 2183
459 1465
1526 2648
2189 1169
1577 783
2212 567
2206 1541
2572 2611
1113 2690
94 2019
373 2127
975 2004
913 2096
2269 1879
45 1814
1519 513
775 2050
1166 606
2462 2337
2041 378
2201 2672
7 2263
52 603
643 1686
612 1908
974 1160
1216 856
1311 963
174 1881
1219 1671
2038 1808
2641 1137
1733 60
2494 1445
922 1472
1348 995
503 1485
1808 727
1462 1854
375 1068
1560 1127
1770 66
1508 1667
474 1037
