628 0
158 1
486 1
2919 1
2933 1
3285 2
1431 3
3219 3
467 4
648 5
1501 6
178 8
1033 8
2622 10
113 12
557 12
677 12
794 12
966 12
1097 12
1760 12
2474 12
1167 13
1493 13
1894 13
146 14
1248 14
2521 15
314 16
616 16
1567 16
1708 16
2415 16
2416 16
2417 16
2418 16
2597 16
879 17
582 18
812 18
1338 19
1451 19
3308 19
3080 20
726 22
3251 22
1942 23
1227 24
2027 24
2057 25
2331 25
229 27
755 27
1012 27
1290 27
2021 27
2023 27
2282 27
2782 27
1447 28
1578 28
1678 28
1912 28
2059 28
2313 28
2315 28
2316 28
1422 29
2838 29
532 30
136 31
1131 31
1625 31
1759 31
118 32
3009 32
824 33
1822 33
3193 33
3197 33
3326 33
89 35
1745 37
2228 38
2388 38
2466 39
631 40
2625 40
606 41
1059 41
2655 42
136 43
887 43
1096 43
1238 43
1429 43
1625 43
1731 43
1759 43
2632 43
1845 44
939 45
3237 46
1098 47
1388 47
3131 47
2185 48
1510 49
2228 49
2341 49
2994 49
2529 50
453 51
493 51
1034 51
1422 51
1607 51
2525 51
2828 51
274 52
1617 52
61 53
728 54
1903 54
2378 54
186 55
2119 55
1027 56
2609 56
487 57
2570 57
284 58
740 58
742 58
1416 58
2009 58
931 59
962 59
1214 59
1290 59
1422 59
2826 59
793 60
53 61
1443 61
1514 61
2063 61
2113 61
1620 62
1431 64
1944 65
1062 66
2342 66
3144 66
1960 67
2411 68
157 69
1178 69
2370 69
2245 70
2335 70
2557 70
2899 70
3009 70
328 71
1896 72
497 73
2365 74
34 75
1300 75
1697 75
1879 75
1132 76
1861 76
2428 76
2530 76
2644 76
1222 77
1687 78
2366 78
2492 78
2089 79
2316 80
3029 80
558 81
1145 81
1527 81
2414 81
2976 81
2271 82
584 83
649 83
654 83
923 83
1077 83
1225 83
1383 83
1932 83
3017 83
3018 83
3046 83
3318 83
582 84
2893 85
1488 86
3156 88
35 89
118 90
3277 90
582 92
2189 92
2939 93
1192 94
2793 94
110 95
2269 95
2636 95
3274 95
119 96
132 96
339 96
1322 96
902 97
2572 97
386 98
1078 98
1406 98
2174 98
2284 98
2297 98
2510 98
2511 98
157 99
1026 100
2158 100
825 101
1325 101
1340 101
1434 101
2855 101
3087 101
3161 101
2198 102
2130 103
976 105
155 106
1366 106
2189 106
2643 106
2776 106
3193 107
2137 108
1454 109
1819 109
2658 109
2659 109
472 110
541 110
1551 110
3274 110
251 111
1249 112
12 113
1533 113
1875 113
553 114
1419 114
1538 114
1686 114
2074 114
2677 114
880 115
2122 115
367 117
32 118
90 118
3133 118
96 119
1829 119
3133 119
1650 120
1911 121
3137 121
827 122
2421 122
1811 124
831 125
204 126
1041 128
1240 129
582 130
1004 130
2622 131
3324 131
119 132
1329 132
3134 132
874 134
28 135
1566 135
2080 135
1561 136
1702 136
1759 136
1940 136
2315 136
2507 136
2520 136
2598 136
1034 137
1422 137
2782 137
468 138
680 138
1097 138
1131 138
1736 138
1853 138
2196 138
2487 138
2488 138
602 139
958 139
1713 140
1036 141
1200 142
2059 142
2734 142
847 144
1130 144
2110 144
3121 145
14 146
1248 146
1439 147
1647 147
2404 147
2405 147
2625 147
2068 148
2228 148
364 149
113 150
557 150
677 150
966 150
1097 150
1357 150
1622 150
1760 150
2474 150
2487 150
930 151
1736 151
2299 151
1429 152
1666 152
2546 152
396 153
744 153
450 154
1112 154
1131 154
1625 154
1668 154
106 155
922 155
2643 155
942 156
1334 156
1677 156
3084 156
69 157
99 157
1178 157
1097 158
2919 158
926 160
934 160
1616 160
2133 160
2003 161
3070 161
1070 162
3182 163
2409 164
944 165
1994 165
2804 165
1904 167
2909 167
247 169
929 169
491 170
881 170
2228 170
2571 170
2583 170
2803 170
425 171
1557 172
2320 172
2322 172
519 173
2941 175
2679 176
2750 176
1971 177
2442 177
8 178
1033 178
1298 179
2696 179
351 180
2638 180
2639 180
1422 181
1825 184
3278 185
2507 186
199 187
2619 188
2076 189
2434 189
3107 190
3184 190
1927 191
572 193
397 194
1620 194
2218 194
2900 194
3051 194
3052 194
1823 195
2508 196
1453 198
2327 198
2842 200
2843 200
1701 201
1594 202
1094 203
2899 203
126 204
1434 204
212 205
783 205
854 205
3076 205
270 207
404 208
438 208
1534 208
2433 208
2705 208
2706 208
2966 208
1991 209
3183 210
1444 211
1896 211
205 212
783 212
2835 212
3076 212
3265 212
528 213
2097 213
3073 213
2485 214
2773 214
2928 214
1655 216
1319 217
1603 217
2867 217
208 218
1718 218
1896 218
2433 218
2703 218
2254 219
755 220
968 220
1034 220
1422 220
2475 220
2782 220
1097 221
26 222
1392 222
2729 222
1622 224
1066 225
1528 225
3203 225
1907 226
2713 226
1809 227
2619 227
300 228
411 228
1233 228
1531 228
2815 228
3012 228
27 229
307 229
492 229
887 229
2023 229
2782 229
2785 229
356 230
2979 230
875 231
2079 233
582 234
2993 234
256 235
1582 236
1731 237
2398 237
2564 237
735 238
767 239
2942 240
603 241
1414 241
2861 241
796 242
1582 242
2032 242
2196 242
931 243
1812 243
3124 245
3189 245
1422 246
2782 246
169 247
1265 247
2063 247
2613 247
2643 247
2848 247
297 248
1669 248
906 249
825 250
2083 250
111 251
232 252
843 253
1992 253
2579 253
1687 254
1772 254
1822 254
2067 254
2222 254
2619 254
2732 254
3249 254
2277 255
235 256
720 257
2970 257
962 258
1637 259
2978 259
1597 262
2422 263
2655 263
1536 265
2220 265
2452 265
254 266
672 266
1156 266
1809 266
2067 266
3249 266
3298 266
1259 267
1942 268
2622 268
3324 268
1782 269
1903 269
3228 269
3234 269
3235 269
3236 269
207 270
1266 271
2765 272
416 273
468 273
768 273
1417 273
2217 273
52 274
1297 275
3238 277
2469 278
1928 279
1563 280
646 281
1163 282
2348 282
1596 283
58 284
2009 284
1418 285
1967 285
1466 286
1835 286
2401 286
2674 286
261 288
1361 288
1422 289
1943 289
2701 290
873 291
1843 292
2854 292
1874 293
540 294
3046 294
2853 296
248 297
513 297
1669 297
1057 299
228 300
1531 300
2763 300
2815 300
1204 301
962 302
1943 302
493 303
719 303
937 303
1190 303
1422 303
2116 303
2585 303
3186 303
637 304
1620 304
2929 305
1368 306
229 307
585 307
1230 307
1290 307
2230 307
2398 307
2930 308
1680 309
2936 310
2937 310
413 311
1253 311
2803 311
2644 312
964 313
2984 313
373 314
1422 314
1567 314
1605 314
1708 314
1943 314
2166 314
2597 314
2637 314
1124 315
777 316
2932 316
411 317
717 318
1536 319
2220 319
2646 319
2962 320
1879 322
3116 324
3085 326
1382 327
71 328
2517 329
2618 329
3184 330
3206 330
1083 331
1278 331
1709 331
2921 332
232 333
777 333
1088 335
561 336
1180 336
2580 336
2581 336
3002 336
120 337
1650 337
1227 338
2642 338
96 339
472 339
2789 339
1050 340
2597 340
1869 341
678 342
3296 342
1773 343
2238 344
3289 344
1452 345
1663 346
1202 347
1758 347
1853 347
2073 347
2527 347
2633 347
1991 348
2760 349
2399 350
180 351
661 351
1112 351
2638 351
1728 352
3293 352
98 353
2434 353
1121 355
3156 356
1948 357
2350 357
2351 357
80 359
3029 359
477 360
1918 361
2185 361
2444 361
2649 361
2650 361
2339 362
2340 362
800 363
149 364
399 364
1991 364
630 365
1150 365
2061 366
117 367
1199 368
580 369
2157 370
2499 370
1369 371
1423 371
1746 371
1981 371
3071 371
3193 372
314 373
616 373
912 373
1117 373
1708 373
2416 373
2490 373
2925 373
1411 374
2790 374
3286 374
715 377
2767 378
582 379
2155 380
3188 380
1457 381
989 383
1033 383
1930 384
98 386
2808 387
2254 388
2111 389
871 390
1916 390
2103 390
2105 390
2995 391
2316 392
566 393
1879 394
2594 394
2711 394
2519 395
468 396
930 396
2217 396
2887 396
194 397
1522 397
1251 398
1843 398
348 399
364 399
957 399
862 400
603 402
2861 402
208 404
1534 404
1896 404
2703 404
2705 404
2706 404
2966 404
582 405
1660 405
2179 405
3274 405
1296 406
637 408
1341 409
1529 409
2584 409
1808 410
228 411
317 411
1033 411
1335 411
1410 411
2815 411
2440 412
3257 412
311 413
805 413
1812 413
2204 413
2720 413
1128 414
1625 414
1666 414
2429 414
2533 415
1758 416
2645 416
915 417
1335 417
1207 418
476 419
1004 419
1933 420
1135 421
2275 421
2237 422
2867 422
171 425
2129 426
840 427
1560 427
1705 427
2114 427
2477 427
773 428
1647 428
2264 428
2404 428
2625 428
2626 428
541 429
1620 429
2028 429
2154 429
2844 430
1268 431
2983 432
2829 433
549 434
1655 434
2361 434
2362 434
1019 435
1875 435
1996 435
2317 436
2922 437
208 438
1718 438
1896 438
2706 438
2966 438
3128 439
3047 440
1782 441
2501 441
2812 441
2911 442
857 443
1828 443
2406 443
2891 445
2388 446
1184 447
3286 447
888 448
1090 448
1543 449
272 450
542 450
882 450
1020 450
1532 450
1561 450
1817 450
1915 450
1965 450
2196 450
2295 450
2299 450
2507 450
2519 450
1630 451
2736 451
2214 452
807 453
835 453
887 453
1009 453
1034 453
1219 453
1422 453
1599 453
1644 453
2053 453
2254 453
2475 453
2667 453
2782 453
2784 453
2786 453
1656 455
1684 455
1992 455
3017 455
1438 457
2233 458
2358 458
2099 459
992 460
1751 460
3263 460
1508 461
476 462
2539 463
2540 463
1853 464
2345 465
2973 465
936 466
2174 466
3138 466
4 467
138 468
273 468
396 468
680 468
930 468
968 468
982 468
1097 468
1251 468
1362 468
1665 468
1736 468
1853 468
2089 468
2217 468
2622 468
2718 468
2719 468
1478 469
1982 470
1676 471
2314 471
110 472
339 472
703 472
780 472
1704 472
2269 472
843 473
1808 473
2524 473
3055 474
3056 474
419 476
462 476
1247 476
2203 476
360 477
3046 478
3105 479
571 480
2236 481
830 482
1076 482
3156 482
3276 482
1585 483
2020 483
2624 483
1210 484
1531 484
1052 485
2752 485
1 486
509 486
1097 486
1115 486
1202 486
2356 486
2891 486
3228 486
734 487
837 487
1140 487
667 488
582 489
1394 490
2858 490
881 491
2228 491
2994 491
229 492
755 492
1012 492
1034 492
1644 492
2181 492
2404 492
2632 492
51 493
303 493
1214 493
637 494
1620 494
1422 495
861 496
73 497
2974 497
2975 497
2652 498
886 499
2274 499
1809 500
1011 501
1575 501
517 502
1529 503
624 504
2844 504
1729 505
1583 506
1944 506
2834 507
1822 508
2732 508
3248 508
445 509
1362 509
1570 509
2827 510
625 511
297 513
2809 514
2810 514
1383 515
1498 515
3299 515
2646 516
1583 517
2647 517
1896 518
3146 519
2380 520
2402 520
964 521
1840 523
2349 523
1537 524
2938 524
263 525
648 525
705 525
2573 525
2577 525
2163 526
213 528
962 528
1422 528
2396 528
1724 529
1017 530
1641 530
1966 530
2610 531
1944 532
1764 533
2691 533
2287 534
641 535
946 535
2477 536
1783 539
83 540
911 540
923 540
1945 540
2515 540
2910 540
2911 540
3046 540
472 541
703 541
809 541
822 541
928 541
1477 541
1620 541
1704 541
1768 541
2269 541
2721 541
2745 541
2840 541
3047 541
3048 541
3049 541
3050 541
3274 541
450 542
1020 542
2561 543
2302 544
819 547
851 548
1877 548
2063 548
434 549
755 549
1422 549
1821 549
2585 549
2782 549
2899 550
3009 550
3010 550
1259 551
2412 552
2789 552
114 553
799 554
540 555
969 556
12 557
150 557
1883 557
1922 557
81 558
591 558
1145 558
2414 558
2976 558
1570 559
2191 560
2482 560
336 561
1180 561
1366 561
2848 561
3025 561
1735 562
1477 564
3048 564
904 565
2484 565
393 566
2212 566
222 567
1435 567
2464 567
2486 567
2898 567
3221 567
3023 568
624 569
3153 569
1786 570
480 571
1024 572
1998 572
624 573
1478 573
2049 574
2267 574
620 575
1887 576
2080 577
2225 578
1750 581
18 582
84 582
215 582
234 582
405 582
489 582
547 582
563 582
637 582
653 582
676 582
1002 582
1004 582
1170 582
1200 582
1410 582
1516 582
1525 582
1660 582
1693 582
1701 582
1753 582
1921 582
1967 582
2066 582
2134 582
2258 582
2391 582
2447 582
2920 582
2950 582
2973 582
3017 582
3148 582
3216 582
3218 582
2384 583
83 584
1039 584
2531 584
237 585
1214 585
1422 585
1997 585
1422 586
2116 586
2556 586
2782 586
582 587
2840 587
828 588
1255 588
1275 588
2536 588
2537 588
2185 590
2206 590
2868 590
558 591
2704 591
292 594
618 595
3191 596
3174 597
1887 598
1259 599
1001 600
3192 601
139 602
958 602
1858 602
241 603
402 603
1471 603
2799 603
3128 603
859 605
41 606
1879 607
2868 607
2889 608
2866 609
1116 610
2910 610
2911 610
3039 610
620 611
2605 611
1316 612
2603 613
849 614
2673 615
16 616
373 616
622 616
755 616
931 616
1422 616
1567 616
1605 616
1708 616
1943 616
2166 616
2415 616
2862 616
2290 617
512 620
575 620
709 620
2174 620
2413 620
2605 620
1790 621
16 622
314 622
616 622
1013 622
1117 622
1605 622
2416 622
2418 622
2596 622
2637 622
2925 622
504 624
569 624
573 624
777 624
865 624
915 624
1272 624
1318 624
1335 624
2134 624
2845 624
3153 624
511 625
2376 625
755 627
2564 627
2632 627
2681 627
0 628
1460 629
2630 629
365 630
1757 630
2319 630
40 631
538 632
623 632
1422 633
1470 633
1162 634
2132 634
2899 634
2922 635
304 637
408 637
494 637
582 637
808 637
1620 637
1797 637
1967 637
2066 637
2189 637
2440 637
2562 637
2931 637
3039 638
1893 639
2753 639
1935 640
3214 640
535 641
825 641
2595 641
1000 642
2464 642
1741 643
3315 645
281 646
582 647
5 648
525 648
651 648
1143 648
2574 648
2575 648
2647 648
2646 649
2911 649
3099 649
537 650
2214 652
84 653
582 653
3200 655
3201 655
2940 656
657 658
1720 659
71 660
328 660
1481 660
351 661
1096 661
1439 661
1625 661
1740 661
2264 661
2404 661
2639 661
2640 661
2641 661
2260 662
2385 663
530 664
1026 664
1203 664
2438 664
2256 665
1491 666
166 667
488 667
1099 667
1179 667
1187 667
1530 667
2492 669
573 670
1311 670
1472 670
1565 670
1836 670
2578 670
2771 670
2844 670
1960 671
266 672
1738 672
3133 672
1865 674
1864 675
2827 675
2875 675
582 676
12 677
2199 677
2443 677
2506 677
342 678
138 680
468 680
2089 680
2577 681
2980 681
881 682
1471 682
2228 682
2494 682
2558 683
2961 685
2181 686
2827 686
655 687
3200 687
1928 688
2729 689
3221 689
1613 690
2939 690
3007 690
931 691
968 691
1567 691
2166 691
2396 691
2417 691
2597 691
604 692
2182 693
2965 694
216 695
2791 695
2792 695
382 696
869 696
2352 696
323 697
1783 697
1004 698
1347 699
2035 700
2928 702
472 703
541 703
2745 703
2722 704
525 705
800 706
2927 706
2028 707
3156 708
620 709
936 709
1424 709
1557 709
1987 709
2174 709
2320 709
2369 709
275 710
2727 711
3102 711
3103 711
1177 712
2314 713
2554 713
2588 713
2604 713
1083 714
197 715
377 715
1725 715
2264 715
2404 715
2405 715
1125 716
1366 716
2329 716
318 717
1896 717
1902 717
2976 717
3311 717
2241 718
303 719
755 719
1190 719
257 720
1485 721
2683 721
1334 722
3107 722
335 723
1088 723
557 725
966 725
2747 726
1682 727
54 728
2985 730
2986 730
2987 730
2310 731
1250 732
1296 733
487 734
238 735
2339 736
1460 737
3241 738
2213 739
742 740
1416 740
3036 741
58 742
740 742
1380 742
2140 743
153 744
2586 744
3275 744
2420 746
3193 746
803 747
960 747
1723 747
2501 747
267 749
551 749
1195 749
1259 749
1446 751
1447 751
1204 752
1947 753
2923 754
27 755
137 755
153 755
220 755
616 755
627 755
719 755
887 755
912 755
1009 755
1013 755
1647 755
2128 755
2254 755
2257 755
2488 755
2585 755
2622 755
2650 755
2664 755
2665 755
2666 755
2667 755
1420 757
2099 757
2960 758
667 760
1707 760
2337 762
36 763
1424 764
2124 765
239 767
1321 767
3254 767
273 768
468 768
2645 768
2964 768
1016 769
1103 771
1256 771
2646 771
206 772
1296 772
1331 772
1546 772
2626 773
1562 774
1376 775
1422 775
781 776
1030 776
333 777
624 777
1691 777
2845 777
18 778
2252 778
132 779
472 780
776 781
2375 781
2945 782
205 783
212 783
2296 783
2837 783
3076 783
1822 784
1397 785
2216 786
3262 788
3176 789
1000 790
1545 790
2309 791
1671 792
2160 792
60 793
12 794
1041 794
1357 794
2679 795
242 796
930 796
2119 796
1992 798
554 799
1422 799
363 800
706 800
1391 801
1573 802
1854 802
990 803
1776 804
413 805
986 805
453 807
1214 807
1422 807
2564 807
2667 807
1913 810
1970 811
18 812
1437 812
2963 812
1585 813
1874 813
2770 813
2771 813
908 814
2339 815
2426 816
1202 818
547 819
1200 819
1247 819
2316 819
2646 819
3046 819
2591 821
95 822
541 822
1043 822
2498 822
1909 823
1080 825
1574 825
2855 825
2712 826
1255 828
1082 829
482 830
3063 831
73 832
1779 832
482 833
453 835
2021 835
2828 835
3030 835
537 836
487 837
3283 837
12 839
2487 839
2477 840
2559 840
1963 842
253 843
473 843
2202 843
2551 843
2579 843
1154 844
144 847
1398 847
1517 847
1666 847
1853 847
1875 847
2205 847
2592 847
614 849
886 850
1605 850
2024 850
2182 850
548 851
2863 851
1304 852
205 854
1521 854
2620 854
983 855
1621 856
443 857
1004 860
2177 860
2497 860
2920 860
3296 860
1171 861
400 862
2209 863
904 864
1330 864
1346 864
2874 864
624 865
670 865
924 865
1335 865
1836 865
2692 865
3239 866
1173 867
897 868
431 869
696 869
2352 869
2019 870
1665 872
291 873
2693 873
3225 873
134 874
2866 874
231 875
1625 875
2797 875
1366 876
2848 876
3025 876
940 877
1379 877
1672 877
2353 877
2375 877
2442 877
2467 877
17 879
582 879
115 880
1877 880
170 881
491 881
682 881
2363 881
450 882
2519 882
1496 883
1992 884
499 886
1567 886
1796 886
2182 886
2277 886
2655 886
2768 886
2769 886
229 887
453 887
755 887
1034 887
1112 887
1351 887
1422 887
2247 887
2282 887
2404 887
2859 887
1430 889
2545 889
2799 889
2454 890
1108 891
2087 891
2471 891
2318 893
1070 894
1668 894
1012 895
1290 895
2023 895
1081 896
1931 898
2123 899
1072 900
1436 901
1810 901
97 902
1201 902
2572 902
2145 903
2969 903
565 904
864 904
1699 904
2369 904
2371 904
1484 905
244 906
1903 906
2567 906
2568 906
1706 907
814 908
1569 908
2708 908
2268 909
314 912
373 912
622 912
1117 912
1605 912
1708 912
2416 912
2490 912
2925 912
1794 914
417 915
624 915
2301 915
60 916
793 916
1036 917
2176 917
2660 917
526 920
1469 920
1832 920
2547 920
1280 921
3017 921
3026 921
155 922
1246 922
83 923
540 923
1170 923
2911 923
3018 923
3099 923
670 924
865 924
2845 924
160 926
934 926
2899 927
95 928
541 928
1326 928
169 929
2863 929
151 930
396 930
468 930
796 930
2519 930
2633 930
59 931
243 931
691 931
1117 931
779 932
1905 933
1977 933
926 934
1616 934
131 935
3233 935
98 936
241 936
466 936
709 936
2377 937
2104 938
45 939
1155 940
453 941
1214 941
1422 941
2667 941
2782 941
156 942
1863 942
2305 942
1554 943
2010 943
165 944
3016 945
535 946
2379 946
2906 946
1716 947
1114 948
2579 949
2292 950
1638 951
2656 951
3154 951
2982 952
2298 953
2736 953
3108 954
1461 956
399 957
139 958
3035 958
1949 959
3075 959
2501 960
59 962
258 962
302 962
528 962
2097 962
2416 962
2418 962
2829 962
3073 962
3158 963
313 964
521 964
1112 965
1157 965
1301 965
1567 965
1943 965
2166 965
2234 965
2829 965
3013 965
3014 965
150 966
725 966
2701 967
468 968
691 968
796 968
1157 968
1214 968
1422 968
1605 968
1943 968
2097 968
2166 968
2196 968
2226 968
2564 968
2596 968
2633 968
2774 968
2782 968
2882 968
2967 968
3086 968
1687 969
2529 971
1736 972
2778 973
670 974
1891 974
1295 975
2478 975
2434 976
1422 978
2458 979
2098 980
2311 981
1130 982
1591 982
855 983
326 984
2046 984
677 985
1275 985
2443 985
805 986
2419 986
2006 987
2458 988
383 989
803 990
1223 990
2557 991
460 992
1421 992
2097 993
2774 993
2775 993
2829 993
2224 994
2675 994
925 995
208 997
1896 997
2703 997
1315 998
1515 998
2589 998
2909 998
3314 998
1754 999
1948 999
2351 999
642 1000
790 1000
600 1001
1119 1001
1577 1001
142 1002
582 1002
1200 1002
2085 1002
1801 1003
419 1004
860 1004
2497 1004
2816 1004
2920 1004
1816 1005
2762 1006
2999 1006
9 1007
1208 1007
1668 1008
453 1009
755 1009
1853 1009
2507 1009
1703 1010
2925 1010
287 1011
501 1011
1583 1011
1944 1011
2148 1011
2330 1011
895 1012
1034 1012
2023 1012
2282 1012
2681 1012
16 1013
559 1013
622 1013
1422 1013
1567 1013
1605 1013
1943 1013
2166 1013
2597 1013
99 1015
1275 1015
1422 1015
2443 1015
2783 1015
102 1016
769 1016
1866 1016
1032 1018
2514 1018
435 1019
1625 1019
1875 1019
450 1020
542 1020
1188 1021
2108 1021
3066 1021
956 1022
1302 1022
1461 1022
2709 1023
572 1024
931 1025
2490 1025
100 1026
664 1026
3157 1026
56 1027
577 1027
1620 1027
2608 1027
1557 1028
2320 1028
2605 1028
1564 1029
776 1030
1971 1030
2062 1030
2353 1030
2354 1030
2372 1030
2328 1031
1018 1032
2514 1032
3241 1032
178 1033
383 1033
411 1033
989 1033
1234 1033
1426 1033
2819 1033
137 1034
220 1034
453 1034
492 1034
887 1034
1012 1034
1214 1034
1422 1034
1607 1034
1617 1034
1644 1034
2475 1034
2925 1034
997 1035
1051 1035
1152 1035
1206 1035
1534 1035
2703 1035
141 1036
917 1036
766 1037
2082 1038
584 1039
2531 1039
2877 1040
128 1041
794 1041
1357 1041
3045 1042
1829 1043
3274 1043
1264 1044
1395 1044
1802 1044
2323 1044
2434 1044
3253 1045
545 1046
2259 1046
3237 1047
1143 1048
2339 1049
2463 1049
340 1050
1035 1051
1239 1052
2752 1052
3215 1052
1214 1054
1943 1054
2626 1054
2879 1055
2593 1056
299 1057
1366 1058
41 1059
1337 1059
66 1062
2232 1062
1675 1063
2543 1063
1853 1064
750 1065
245 1066
3036 1066
3203 1066
3204 1066
3021 1067
2503 1069
2504 1069
894 1070
1625 1070
2399 1070
1422 1071
2128 1071
2822 1071
2829 1071
900 1072
1309 1072
1818 1072
3303 1073
1095 1074
2780 1075
1589 1076
83 1077
98 1078
1259 1078
2510 1078
2848 1078
1707 1079
1340 1080
1348 1080
2595 1080
896 1081
829 1082
2532 1082
331 1083
714 1083
2343 1084
3139 1085
3244 1085
922 1087
1239 1087
1620 1087
2054 1087
2189 1087
335 1088
723 1088
1400 1089
448 1090
1471 1091
2861 1091
1579 1092
3185 1092
1990 1093
2423 1093
2425 1093
203 1094
2899 1094
1074 1095
43 1096
661 1096
2638 1096
138 1097
150 1097
158 1097
221 1097
468 1097
1429 1097
1467 1097
1625 1097
1875 1097
1879 1097
1894 1097
2919 1097
2933 1097
667 1099
1530 1099
469 1101
1939 1102
2602 1102
771 1103
1116 1103
2911 1103
1167 1105
1894 1105
2403 1106
2757 1106
2497 1107
1518 1109
1952 1110
1983 1111
154 1112
351 1112
887 1112
965 1112
1480 1112
1635 1112
1644 1112
1647 1112
2475 1112
2522 1112
2626 1112
2927 1112
3014 1112
3211 1113
948 1114
486 1115
2891 1115
3042 1115
3228 1115
610 1116
1103 1116
1836 1116
373 1117
622 1117
912 1117
931 1117
1422 1117
1943 1117
2166 1117
2596 1117
2637 1117
2925 1117
1194 1118
1001 1119
1577 1119
2552 1119
1659 1120
2396 1122
2991 1122
1084 1123
1733 1123
1855 1123
2343 1123
315 1124
2884 1125
3141 1127
414 1128
1761 1128
2513 1129
3241 1129
144 1130
982 1130
1429 1130
1591 1130
1666 1130
2110 1130
2331 1130
2422 1130
2728 1130
138 1131
154 1131
875 1131
1251 1131
1609 1131
1666 1131
1875 1131
2621 1131
2680 1131
3259 1133
299 1134
421 1135
927 1135
1485 1135
2683 1135
2899 1135
3207 1135
2196 1136
2544 1137
2767 1138
1241 1141
1217 1142
648 1143
1048 1143
1677 1143
2573 1143
3053 1143
3193 1143
1282 1144
1396 1144
2382 1144
81 1145
558 1145
591 1145
1896 1145
1896 1146
1404 1149
1847 1151
1035 1152
2703 1152
2968 1153
3078 1153
3079 1153
940 1155
1379 1155
2353 1155
2375 1155
2467 1155
266 1156
1738 1156
3133 1156
965 1157
1281 1157
1422 1157
1943 1157
2829 1157
2813 1158
2086 1159
2754 1159
2755 1159
1432 1160
2714 1161
421 1162
634 1162
282 1163
2348 1163
2344 1164
2041 1165
2462 1165
13 1167
1105 1167
1493 1167
1894 1167
1901 1167
2711 1167
1814 1168
1209 1169
582 1170
923 1170
1225 1170
2531 1170
2726 1170
2819 1170
861 1171
884 1172
867 1173
1720 1173
2794 1173
2796 1173
431 1174
1821 1176
2226 1176
2435 1176
69 1178
157 1178
336 1180
561 1180
1366 1180
1600 1180
2329 1180
2580 1180
2643 1180
2848 1180
3025 1180
3316 1181
2960 1182
1600 1183
2643 1183
447 1184
2186 1184
2955 1185
2306 1186
3193 1186
1021 1188
1767 1189
2060 1189
3021 1189
2585 1190
2828 1190
3108 1191
94 1192
2793 1192
1841 1193
1981 1193
1118 1194
3280 1194
749 1195
1724 1198
368 1199
1993 1199
142 1200
582 1200
819 1200
97 1201
902 1201
2572 1201
347 1202
486 1202
770 1202
818 1202
1064 1202
1570 1202
2356 1202
2527 1202
664 1203
2438 1203
301 1204
752 1204
1212 1205
2830 1205
1035 1206
418 1207
990 1207
1007 1208
1767 1208
2060 1208
2877 1208
1169 1209
484 1210
1531 1210
2612 1210
1585 1211
2779 1211
2780 1211
1205 1212
1473 1212
2325 1213
51 1214
59 1214
220 1214
453 1214
493 1214
585 1214
807 1214
887 1214
968 1214
1012 1214
1034 1214
1054 1214
1219 1214
1230 1214
1290 1214
1644 1214
2023 1214
2053 1214
2230 1214
2398 1214
2475 1214
2585 1214
2649 1214
2650 1214
2782 1214
2784 1214
2786 1214
2824 1214
2860 1214
517 1215
2923 1215
247 1217
1142 1217
1868 1218
3068 1218
453 1219
1214 1219
1422 1219
2564 1219
2667 1219
1629 1220
1721 1220
2670 1220
2672 1220
1864 1222
2434 1222
2684 1222
990 1223
2348 1224
83 1225
1170 1225
1932 1225
2853 1226
24 1227
44 1227
338 1227
1845 1227
2095 1227
2642 1227
1317 1228
3098 1229
307 1230
1034 1230
1214 1230
1290 1230
1390 1231
1586 1231
2211 1232
2226 1232
1033 1234
2245 1235
2335 1235
696 1236
1553 1237
3219 1237
43 1238
1422 1238
2506 1238
2782 1238
1265 1239
2210 1239
2249 1239
3215 1239
129 1240
1694 1241
1907 1241
2311 1242
667 1243
2944 1244
2482 1245
922 1246
2776 1246
476 1247
819 1247
14 1248
146 1248
112 1249
2280 1249
398 1251
468 1251
1112 1251
1131 1251
1625 1251
1843 1251
1965 1251
2398 1251
2483 1251
2622 1251
3117 1252
3118 1252
3119 1252
49 1253
311 1253
1328 1253
1510 1253
2455 1253
588 1255
828 1255
771 1256
3046 1256
875 1257
2797 1257
1689 1258
267 1259
551 1259
599 1259
749 1259
2510 1259
2897 1259
1981 1260
2219 1260
2480 1261
2481 1261
181 1262
2529 1263
1044 1264
2174 1264
2984 1264
247 1265
1239 1265
271 1266
264 1267
431 1268
2352 1268
1302 1271
1461 1271
2601 1271
1422 1273
588 1275
677 1275
1015 1275
1731 1275
1825 1275
2444 1275
1291 1276
2725 1277
2627 1279
921 1280
1157 1281
1943 1281
2234 1281
1144 1282
2381 1282
1370 1283
1312 1284
1523 1285
2366 1286
3286 1286
174 1289
27 1290
59 1290
307 1290
895 1290
1230 1290
2023 1290
2782 1290
1276 1291
1811 1292
673 1293
3261 1293
668 1294
975 1295
406 1296
733 1296
772 1296
1585 1296
275 1297
2393 1297
2092 1298
2406 1299
75 1300
444 1301
965 1301
2774 1301
1022 1302
1271 1302
1461 1302
2601 1302
3047 1303
852 1304
3021 1305
3180 1306
3181 1306
1865 1307
1769 1308
2680 1308
1072 1309
3125 1310
3221 1310
670 1311
1284 1312
1462 1313
2709 1313
3246 1313
3094 1314
998 1315
612 1316
3015 1316
1228 1317
624 1318
217 1319
1603 1319
1770 1319
2237 1319
2159 1320
239 1321
767 1321
3229 1321
3230 1321
132 1322
1410 1324
1449 1324
1562 1324
2816 1324
2817 1324
101 1325
928 1326
1408 1326
2245 1326
2335 1326
2400 1326
2164 1327
1253 1328
3162 1328
132 1329
565 1330
864 1330
2369 1330
2371 1330
772 1331
2777 1332
2594 1333
2711 1333
156 1334
411 1335
417 1335
624 1335
865 1335
1059 1337
19 1338
2758 1339
101 1340
1080 1340
2855 1340
409 1341
1925 1341
3151 1341
2396 1342
303 1343
1422 1343
1427 1343
1943 1343
2398 1343
2782 1343
2829 1343
2118 1344
1892 1345
864 1346
2861 1346
2874 1346
699 1347
1080 1348
1574 1348
2276 1348
1749 1349
2528 1349
3129 1349
147 1350
1399 1350
887 1351
1644 1351
2121 1351
1829 1352
2412 1352
2900 1353
2984 1355
1762 1356
150 1357
794 1357
839 1357
1041 1357
2919 1358
288 1361
468 1362
1172 1363
1822 1363
2512 1363
407 1364
2184 1364
2240 1364
1504 1365
106 1366
561 1366
716 1366
1058 1366
1180 1366
1183 1366
2088 1366
2580 1366
2581 1366
2947 1367
306 1368
371 1369
1981 1369
3071 1369
1283 1370
1841 1372
1948 1373
775 1376
2907 1378
877 1379
1155 1379
1823 1379
2353 1379
2375 1379
2442 1379
742 1380
1846 1381
2322 1381
2553 1381
327 1382
3038 1382
515 1383
3052 1384
2452 1385
1635 1386
582 1387
47 1388
3043 1389
1231 1390
2173 1390
801 1391
2756 1391
222 1392
2634 1392
3212 1392
490 1394
1044 1395
2866 1395
1144 1396
785 1397
847 1398
1429 1398
2110 1398
2427 1398
1350 1399
1429 1399
1587 1399
1666 1399
2224 1399
2675 1399
1089 1400
1944 1400
2790 1401
1978 1403
961 1405
98 1406
1326 1408
2738 1409
300 1410
411 1410
582 1410
1324 1410
1531 1410
2345 1410
2814 1410
2815 1410
3294 1410
1401 1411
1726 1411
2366 1411
2367 1411
2368 1411
3138 1412
787 1413
241 1414
402 1414
1422 1414
2861 1414
1668 1415
58 1416
740 1416
1380 1416
273 1417
1758 1417
2217 1417
2645 1417
285 1418
1698 1419
2339 1419
2389 1419
992 1421
16 1422
29 1422
30 1422
51 1422
59 1422
137 1422
181 1422
220 1422
246 1422
289 1422
303 1422
492 1422
495 1422
527 1422
528 1422
616 1422
775 1422
799 1422
835 1422
887 1422
941 1422
968 1422
978 1422
1009 1422
1034 1422
1071 1422
1117 1422
1157 1422
1219 1422
1238 1422
1251 1422
1414 1422
1470 1422
1582 1422
1590 1422
1607 1422
1644 1422
1658 1422
1724 1422
1834 1422
2021 1422
2053 1422
2064 1422
2115 1422
2181 1422
2230 1422
2234 1422
2244 1422
2254 1422
2257 1422
2396 1422
2398 1422
2444 1422
2490 1422
2585 1422
2622 1422
2649 1422
2651 1422
2668 1422
2681 1422
2784 1422
2785 1422
2820 1422
2822 1422
2823 1422
2824 1422
2825 1422
2826 1422
2827 1422
2828 1422
2829 1422
2830 1422
2059 1423
764 1424
919 1425
1033 1426
3153 1426
1343 1427
1884 1428
3037 1428
43 1429
144 1429
152 1429
1097 1429
1399 1429
1625 1429
1759 1429
1853 1429
1989 1429
2110 1429
2331 1429
2420 1429
2421 1429
2422 1429
2520 1429
889 1430
1973 1430
3 1431
64 1431
1237 1431
3064 1433
101 1434
204 1434
567 1435
1854 1435
2729 1435
2730 1435
1810 1436
812 1437
2259 1437
457 1438
1377 1438
428 1439
661 1439
2638 1439
2736 1440
3034 1440
1762 1441
2603 1441
2669 1441
61 1443
2013 1443
211 1444
2020 1445
2401 1445
751 1446
28 1447
595 1447
641 1447
1971 1448
2353 1448
2738 1448
1147 1449
1324 1449
2606 1449
1505 1450
19 1451
3308 1451
198 1453
1625 1453
1875 1453
109 1454
142 1455
2734 1455
381 1457
2156 1457
2644 1457
2955 1457
2956 1457
2972 1458
841 1459
629 1460
737 1460
956 1461
1271 1461
1302 1461
2215 1461
2601 1461
2039 1462
3246 1462
2704 1463
541 1464
1551 1464
2832 1465
286 1466
2350 1468
920 1469
2163 1469
633 1470
1422 1470
682 1471
1091 1471
2494 1471
2861 1471
2954 1471
3128 1471
1813 1472
2210 1472
3046 1472
468 1473
70 1474
991 1474
2655 1476
541 1477
469 1478
573 1478
1112 1480
2715 1480
2782 1480
660 1481
218 1482
1795 1483
1821 1483
905 1484
2113 1484
2912 1484
721 1485
1135 1485
1864 1486
2138 1487
86 1488
2033 1490
666 1491
1487 1491
1767 1491
2060 1491
1625 1492
13 1493
1023 1493
1167 1493
1894 1493
2712 1493
2239 1494
1929 1495
883 1496
2336 1497
515 1498
3135 1499
6 1501
1674 1503
1365 1504
829 1505
1450 1505
2411 1505
3273 1505
623 1506
461 1508
49 1510
2502 1511
759 1512
2300 1513
61 1514
998 1515
582 1516
847 1517
1580 1517
1875 1517
2183 1517
2362 1517
574 1518
1109 1518
2267 1518
3226 1519
194 1522
397 1522
2245 1522
2335 1522
1285 1523
3170 1523
3171 1523
3172 1523
3032 1524
582 1525
1100 1526
591 1527
225 1528
409 1529
503 1529
1925 1529
3199 1529
1099 1530
228 1531
579 1531
1210 1531
1410 1531
450 1532
113 1533
2927 1533
404 1534
1035 1534
1896 1534
2703 1534
1763 1535
319 1536
2220 1536
2452 1536
524 1537
806 1537
114 1538
2653 1539
2363 1540
3100 1541
2420 1542
254 1543
2067 1543
2732 1543
790 1545
1000 1545
2400 1545
3026 1545
2271 1548
3268 1548
2036 1550
110 1551
1464 1551
1704 1551
2332 1551
3274 1551
1237 1553
943 1554
3044 1554
667 1555
2015 1555
172 1557
1028 1557
2322 1557
3227 1557
2331 1558
1593 1559
1705 1560
2559 1560
136 1561
450 1561
2228 1561
1324 1562
3062 1563
1029 1564
670 1565
135 1566
314 1567
616 1567
691 1567
886 1567
965 1567
968 1567
1117 1567
1708 1567
2182 1567
2204 1567
2416 1567
2418 1567
2637 1567
2925 1567
2680 1568
2766 1568
2767 1568
486 1570
509 1570
1202 1570
2356 1570
2055 1571
3118 1571
3119 1571
3049 1572
802 1573
825 1574
1348 1574
1446 1574
501 1575
1944 1575
2478 1575
2174 1576
1001 1577
1882 1577
2552 1577
28 1578
1092 1579
1517 1580
1640 1580
2183 1580
2360 1580
2361 1580
2362 1580
2506 1580
3242 1581
236 1582
242 1582
2032 1582
2299 1582
506 1583
517 1583
1843 1583
2387 1583
2584 1583
3080 1583
2380 1584
293 1585
483 1585
813 1585
1211 1585
1296 1585
1874 1585
2020 1585
2462 1585
2770 1585
2771 1585
2779 1585
562 1586
1231 1586
1399 1587
1625 1587
1989 1587
2110 1587
2147 1587
2331 1587
2420 1587
2421 1587
2919 1587
2468 1588
1076 1589
2453 1589
3272 1589
770 1591
982 1591
1130 1591
1665 1591
2293 1591
2622 1591
456 1592
202 1594
2945 1595
283 1596
1045 1596
3252 1596
3253 1596
262 1597
2285 1598
453 1599
2116 1599
336 1600
1183 1600
2848 1600
3025 1600
2700 1601
217 1603
3104 1604
16 1605
314 1605
373 1605
616 1605
850 1605
968 1605
1013 1605
1117 1605
1708 1605
2415 1605
2416 1605
2418 1605
2691 1606
1034 1607
1422 1607
2475 1607
2192 1608
1625 1609
1877 1609
1733 1610
1744 1610
3022 1610
2071 1611
2307 1612
690 1613
2727 1613
1975 1614
2646 1615
934 1616
1752 1616
52 1617
1034 1617
1724 1617
2211 1617
2475 1617
2926 1617
2927 1617
3014 1617
1044 1619
2323 1619
62 1620
194 1620
304 1620
429 1620
494 1620
541 1620
637 1620
1027 1620
1087 1620
1326 1620
1771 1620
1817 1620
1826 1620
2245 1620
2335 1620
2440 1620
2562 1620
2636 1620
2721 1620
2977 1620
3026 1620
530 1621
856 1621
12 1622
150 1622
224 1622
1938 1623
3037 1624
3038 1624
43 1625
154 1625
414 1625
661 1625
875 1625
968 1625
1019 1625
1070 1625
1097 1625
1251 1625
1429 1625
1453 1625
1587 1625
1609 1625
1666 1625
1759 1625
1875 1625
2224 1625
2429 1625
2638 1625
2681 1625
2886 1625
1623 1627
1938 1627
1220 1629
2473 1629
451 1630
1422 1630
2622 1633
2208 1634
2861 1634
2866 1634
1112 1635
1386 1635
1876 1636
259 1637
951 1638
102 1639
1580 1640
2183 1640
530 1641
3325 1643
492 1644
1012 1644
1034 1644
1112 1644
1351 1644
1422 1644
2021 1644
2247 1644
2404 1644
2782 1644
980 1645
1898 1646
147 1647
428 1647
773 1647
2626 1647
1288 1648
1805 1649
120 1650
2888 1650
487 1651
3304 1651
2733 1652
216 1655
434 1655
650 1655
2000 1655
2331 1655
2506 1655
3209 1655
455 1656
2868 1657
1120 1659
405 1660
582 1660
2272 1661
1092 1662
346 1663
1422 1663
3092 1664
3297 1664
468 1665
872 1665
1591 1665
2633 1665
414 1666
847 1666
1130 1666
1230 1666
1399 1666
1625 1666
1989 1666
2427 1666
2435 1666
2603 1667
3286 1667
154 1668
894 1668
1008 1668
1415 1668
2399 1668
248 1669
297 1669
10 1670
792 1671
2400 1671
877 1672
1155 1672
1971 1672
3112 1673
1503 1674
1063 1675
2543 1675
471 1676
713 1676
2554 1676
2588 1676
156 1677
1235 1677
1737 1677
28 1678
2631 1678
3295 1679
695 1682
727 1682
1836 1683
2220 1683
2448 1683
2451 1683
430 1684
455 1684
3133 1685
114 1686
78 1687
969 1687
1992 1687
3220 1687
1914 1688
1258 1689
2221 1690
777 1691
334 1692
582 1693
2486 1694
2037 1695
1760 1696
3114 1696
75 1697
1419 1698
1705 1698
2466 1698
2586 1698
904 1699
2369 1699
385 1700
201 1701
582 1701
136 1702
1711 1702
110 1704
541 1704
1551 1704
2332 1704
427 1705
1560 1705
1698 1705
2114 1705
2559 1705
907 1706
2270 1706
760 1707
1179 1707
314 1708
373 1708
912 1708
1117 1708
1943 1708
2416 1708
2418 1708
2637 1708
2925 1708
1083 1709
2948 1709
87 1710
2112 1710
2215 1710
2918 1710
1702 1711
1774 1711
701 1712
140 1713
1653 1714
1869 1714
784 1715
947 1716
629 1717
2630 1717
208 1718
218 1718
404 1718
438 1718
2433 1718
2589 1719
659 1720
1173 1720
1220 1721
1959 1721
2473 1721
2672 1721
2970 1722
747 1723
529 1724
1198 1724
1214 1724
1422 1724
1617 1724
1958 1724
2253 1724
715 1725
773 1725
2404 1725
2868 1725
1411 1726
2368 1726
2790 1726
352 1728
3193 1728
505 1729
2345 1729
2516 1730
2795 1730
43 1731
237 1731
1275 1731
1943 1731
2230 1731
2443 1731
2774 1731
2033 1732
1610 1733
3306 1733
562 1735
138 1736
151 1736
242 1736
468 1736
982 1736
1677 1737
672 1738
1274 1739
2638 1740
2458 1742
2033 1743
1610 1744
371 1746
1981 1746
2339 1746
3071 1746
2121 1747
1349 1749
581 1750
3321 1750
460 1751
2319 1751
1616 1752
582 1753
999 1754
170 1755
2363 1755
423 1756
630 1757
2319 1757
3030 1757
347 1758
416 1758
1417 1758
2217 1758
2527 1758
136 1759
1429 1759
1625 1759
1918 1759
2621 1759
2633 1759
12 1760
150 1760
1696 1760
2429 1761
2565 1761
1441 1762
1535 1763
533 1764
978 1764
3183 1766
1189 1767
1208 1767
1491 1767
2168 1767
541 1768
1964 1768
2745 1768
3274 1768
1308 1769
2767 1769
148 1770
1319 1770
2867 1770
1778 1771
254 1772
1822 1772
1890 1772
2067 1772
2222 1772
1702 1774
1873 1775
804 1776
1771 1778
3257 1778
73 1779
497 1779
832 1779
2974 1779
863 1780
441 1782
2458 1782
539 1783
697 1783
2231 1784
2209 1787
2251 1788
812 1789
621 1790
1196 1791
2055 1791
2819 1791
3265 1792
859 1795
1483 1795
1821 1795
886 1796
637 1797
2526 1798
1811 1799
2847 1800
1003 1801
1216 1801
189 1802
1044 1802
2323 1802
858 1803
2458 1804
1489 1805
2804 1806
1086 1807
410 1808
2202 1808
3011 1808
3249 1808
227 1809
266 1809
500 1809
901 1810
1436 1810
124 1811
1292 1811
1799 1811
1879 1811
2091 1811
2102 1811
243 1812
413 1812
2328 1812
1472 1813
2184 1813
3294 1813
2143 1814
2885 1815
1005 1816
450 1817
1620 1817
1072 1818
109 1819
1483 1821
2200 1821
33 1822
254 1822
508 1822
784 1822
1363 1822
1772 1822
1903 1822
2222 1822
3220 1822
3271 1822
195 1823
1379 1823
1883 1824
1275 1825
2443 1825
1620 1826
3204 1827
443 1828
857 1828
2406 1828
119 1829
1043 1829
1352 1829
2035 1829
522 1830
2264 1831
2377 1831
2626 1831
920 1832
2163 1832
7 1833
108 1833
286 1835
1415 1835
2113 1835
2122 1835
670 1836
1116 1836
2447 1836
2811 1837
2187 1838
568 1839
2348 1840
2349 1840
1372 1841
83 1842
2646 1842
292 1843
398 1843
1251 1843
1583 1843
2460 1844
1227 1845
2746 1845
1381 1846
2731 1847
2401 1848
2400 1849
1933 1850
3125 1851
2018 1852
138 1853
347 1853
464 1853
468 1853
847 1853
1009 1853
1064 1853
1429 1853
2527 1853
802 1854
1435 1854
1123 1855
2343 1855
86 1857
602 1858
2031 1858
2543 1858
2221 1859
2092 1860
2530 1861
2582 1862
2368 1863
675 1864
1222 1864
1486 1864
1618 1864
2509 1864
541 1865
674 1865
1307 1865
1016 1866
2081 1866
1468 1867
2351 1867
2357 1867
2358 1867
1186 1868
1218 1868
2729 1868
3068 1868
341 1869
1714 1869
2945 1870
13 1871
2478 1871
2655 1872
1775 1873
813 1874
1585 1874
435 1875
847 1875
1097 1875
1131 1875
1453 1875
1517 1875
1625 1875
1989 1875
2360 1875
2426 1875
2428 1875
1636 1876
548 1877
880 1877
1609 1877
1973 1877
2401 1877
310 1878
2446 1878
75 1879
394 1879
607 1879
1333 1879
1956 1879
1986 1879
2205 1879
3150 1880
1577 1882
557 1883
1824 1883
2678 1883
1428 1884
576 1887
598 1887
2232 1887
2431 1887
2093 1888
329 1889
2516 1889
2751 1889
1772 1890
2222 1890
2628 1890
2884 1890
3046 1891
639 1893
13 1894
1105 1894
1493 1894
2052 1894
2584 1894
2648 1894
2710 1894
2711 1894
72 1896
211 1896
218 1896
404 1896
438 1896
518 1896
717 1896
997 1896
1145 1896
1146 1896
1197 1896
1534 1896
2170 1896
2702 1896
2703 1896
2704 1896
2705 1896
2706 1896
2707 1896
2708 1896
1626 1897
2798 1899
3111 1900
1167 1901
2648 1901
717 1902
2703 1902
2976 1902
269 1903
1822 1903
2420 1903
2493 1903
2666 1904
933 1905
2127 1906
3155 1906
226 1907
1241 1907
1847 1907
2005 1907
3232 1907
3301 1908
3302 1908
823 1909
2925 1910
3129 1910
28 1912
2080 1912
1688 1914
450 1915
1253 1915
2302 1915
390 1916
2351 1916
2339 1917
3282 1917
361 1918
875 1918
1759 1918
2444 1918
2649 1918
2650 1918
2797 1918
582 1921
637 1921
2316 1921
557 1922
1640 1923
2183 1923
3147 1924
1341 1925
1529 1925
2945 1926
688 1928
2326 1928
384 1930
898 1931
83 1932
3046 1932
1365 1933
1850 1933
2539 1933
2265 1934
640 1935
2974 1936
1627 1938
2447 1939
136 1940
715 1940
2404 1940
23 1942
289 1943
302 1943
314 1943
527 1943
585 1943
616 1943
622 1943
965 1943
968 1943
1013 1943
1054 1943
1157 1943
1281 1943
1343 1943
1590 1943
1605 1943
1708 1943
1731 1943
2226 1943
2396 1943
2398 1943
2418 1943
2775 1943
2823 1943
65 1944
506 1944
532 1944
1011 1944
1400 1944
2534 1944
2535 1944
540 1945
2899 1946
753 1947
357 1948
999 1948
1373 1948
2350 1948
959 1949
970 1949
3208 1949
1079 1950
1110 1952
2848 1953
3097 1955
1879 1956
1965 1956
2964 1956
2171 1957
1724 1958
1721 1959
595 1961
1371 1962
3031 1962
104 1964
1768 1964
450 1965
1251 1965
1625 1965
1956 1965
2488 1965
2886 1965
2964 1965
530 1966
285 1967
582 1967
637 1967
721 1967
2066 1967
2312 1967
2672 1967
230 1968
3307 1969
2836 1970
2909 1970
177 1971
577 1971
1030 1971
1448 1971
2062 1971
2373 1971
2479 1971
1430 1973
1877 1973
2799 1973
1614 1975
2827 1976
933 1977
1403 1978
679 1979
1060 1979
2800 1979
2655 1980
1193 1981
1369 1981
1746 1981
2340 1981
3020 1981
3071 1981
3312 1981
1111 1983
3152 1983
2989 1984
2909 1985
2594 1986
709 1987
2174 1987
2408 1988
1429 1989
1587 1989
2426 1989
2427 1989
3027 1989
1093 1990
2161 1990
209 1991
348 1991
364 1991
1766 1991
91 1992
123 1992
253 1992
455 1992
1687 1992
1818 1992
2347 1992
2819 1992
3139 1992
165 1994
2089 1995
435 1996
2880 1996
585 1997
2107 1997
572 1998
865 1999
2578 1999
1655 2000
198 2001
2398 2002
161 2003
3143 2004
567 2005
1907 2005
2713 2005
2731 2005
987 2006
3269 2007
3270 2007
2818 2008
58 2009
284 2009
2076 2011
1734 2013
3088 2014
278 2015
1555 2015
2569 2016
2174 2017
2410 2017
1852 2018
483 2020
1445 2020
1585 2020
2510 2020
27 2021
835 2021
887 2021
895 2021
1422 2021
1644 2021
2023 2021
2651 2021
2273 2022
3312 2022
27 2023
229 2023
1012 2023
1214 2023
2282 2023
2782 2023
850 2024
2977 2025
3279 2026
24 2027
2781 2027
429 2028
707 2028
2721 2028
1818 2030
1858 2031
3035 2031
242 2032
1582 2032
2299 2032
1732 2033
1743 2033
11 2034
1829 2035
1550 2036
1695 2037
3090 2037
2907 2038
1462 2039
1165 2041
1953 2041
2462 2041
3224 2041
78 2043
2518 2044
2783 2045
984 2046
1422 2047
2991 2047
1896 2048
2710 2048
1515 2050
2587 2050
2465 2051
1094 2052
2900 2052
453 2053
1214 2053
1422 2053
1046 2054
1087 2054
1221 2054
1571 2055
1791 2055
25 2057
1130 2057
1287 2058
1613 2058
2727 2058
28 2059
1423 2059
1189 2060
366 2061
1030 2062
1971 2062
2378 2062
3160 2062
61 2063
548 2063
796 2063
1484 2063
1835 2063
2113 2063
2196 2063
1422 2064
2396 2064
2686 2065
3206 2065
637 2066
808 2066
1967 2066
2189 2066
2562 2066
254 2067
266 2067
1543 2067
1772 2067
2499 2067
2732 2067
2790 2067
148 2068
1611 2071
2943 2072
347 2073
1019 2073
2592 2073
114 2074
3077 2075
189 2076
2011 2076
1828 2077
1374 2078
135 2080
1912 2080
2661 2080
2662 2080
769 2081
1038 2082
250 2083
2106 2083
2197 2084
1002 2085
1159 2086
891 2087
247 2088
1366 2088
79 2089
468 2089
1995 2089
2217 2089
1811 2091
2722 2092
3222 2092
1888 2093
2974 2094
2975 2094
1227 2095
2245 2095
2335 2095
962 2097
968 2097
993 2097
2435 2097
2564 2097
2774 2097
2925 2097
459 2099
757 2099
582 2100
2229 2101
1811 2102
390 2103
938 2104
600 2105
2083 2106
1997 2107
2398 2107
487 2108
1021 2108
2906 2109
144 2110
1130 2110
1398 2110
1429 2110
1666 2110
389 2111
1033 2112
1307 2112
1710 2112
1484 2113
1835 2113
2063 2113
1705 2114
2559 2114
1422 2115
2782 2115
2967 2115
303 2116
586 2116
1422 2116
1599 2116
1344 2118
796 2119
2196 2119
1351 2121
1747 2121
115 2122
1835 2122
2399 2122
899 2123
765 2124
2821 2125
1906 2127
2841 2127
1071 2128
2667 2128
2822 2128
103 2130
2478 2130
2275 2132
2631 2132
2899 2132
160 2133
934 2133
582 2134
624 2134
2911 2134
3113 2135
2505 2136
7 2137
108 2137
1487 2138
1422 2139
22 2140
743 2140
2548 2140
292 2141
2854 2141
1331 2142
2971 2142
1814 2143
2250 2144
903 2145
2500 2146
1429 2147
1587 2147
2421 2147
17 2150
493 2151
2717 2151
1145 2152
465 2153
2345 2153
3294 2153
429 2154
2993 2154
3215 2154
380 2155
1628 2155
3188 2155
1026 2158
1320 2159
2895 2159
792 2160
2476 2160
1093 2161
1990 2161
2424 2161
2622 2162
526 2163
1469 2163
1327 2164
2561 2165
16 2166
314 2166
616 2166
691 2166
965 2166
968 2166
1013 2166
1117 2166
2204 2166
2416 2166
2637 2166
3131 2167
1767 2168
191 2169
3276 2169
1896 2170
2703 2170
1957 2171
2014 2172
1390 2173
98 2174
241 2174
466 2174
620 2174
709 2174
1359 2174
1576 2174
1802 2174
2017 2174
2413 2174
2439 2174
2509 2174
2861 2174
2307 2175
917 2176
2853 2176
861 2178
3240 2178
405 2179
582 2179
1822 2180
3107 2180
492 2181
1422 2181
2828 2181
693 2182
850 2182
1567 2182
1517 2183
1923 2183
2311 2183
2361 2183
1364 2184
1813 2184
590 2185
2206 2185
3149 2185
3150 2185
1184 2186
1493 2187
1838 2187
1456 2188
92 2189
106 2189
379 2189
2066 2189
3017 2189
3215 2189
2207 2190
1608 2192
2742 2193
2566 2195
242 2196
468 2196
930 2196
968 2196
1136 2196
1877 2196
2063 2196
2119 2196
2507 2196
2519 2196
102 2198
677 2199
1821 2200
2435 2200
1502 2201
843 2202
1808 2202
2524 2202
413 2204
1567 2204
847 2205
1875 2205
590 2206
2868 2206
2190 2207
1634 2208
3128 2208
863 2209
2554 2209
2555 2209
2604 2209
1239 2210
1472 2210
1232 2211
1617 2211
865 2212
2578 2212
739 2213
452 2214
652 2214
3290 2214
87 2215
1461 2215
1710 2215
786 2216
151 2217
273 2217
396 2217
468 2217
796 2217
1417 2217
1758 2217
2089 2217
2196 2217
2519 2217
194 2218
638 2218
923 2218
723 2219
2339 2219
265 2220
319 2220
1536 2220
1683 2220
2447 2220
1690 2221
1859 2221
254 2222
1772 2222
1822 2222
1890 2222
2067 2222
1139 2223
994 2224
1777 2224
2675 2224
2676 2224
578 2225
962 2226
968 2226
1176 2226
1232 2226
1281 2226
1943 2226
2361 2226
2435 2226
321 2227
3080 2227
49 2228
148 2228
170 2228
491 2228
682 2228
2363 2228
2364 2228
307 2230
1214 2230
1422 2230
1731 2230
2622 2230
1062 2232
1887 2233
2372 2233
965 2234
1281 2234
1422 2234
481 2236
422 2237
1319 2237
2867 2237
3269 2237
344 2238
2632 2239
1364 2240
718 2241
992 2242
1402 2243
1737 2243
1422 2244
2868 2244
70 2245
1235 2245
1326 2245
1522 2245
1620 2245
2095 2245
887 2247
1644 2247
2285 2248
582 2249
1239 2249
2144 2250
2399 2250
1788 2251
3295 2251
778 2252
853 2252
3232 2252
1724 2253
1758 2253
219 2254
303 2254
388 2254
453 2254
755 2254
1422 2254
2486 2255
755 2257
1422 2257
2596 2257
2829 2257
2925 2257
582 2258
332 2259
545 2259
1256 2259
1919 2259
2450 2259
662 2260
777 2261
2408 2263
661 2264
715 2264
1725 2264
1831 2264
1997 2264
2638 2264
2942 2264
1934 2265
865 2266
1648 2266
574 2267
1518 2267
909 2268
472 2269
541 2269
1551 2269
2332 2269
3274 2269
1706 2270
82 2271
3268 2271
1661 2272
2022 2273
499 2274
421 2275
2132 2275
2899 2275
1348 2276
255 2277
886 2277
2655 2277
2259 2278
3046 2278
2651 2281
229 2282
644 2282
887 2282
2023 2282
2185 2282
2829 2282
1865 2283
98 2284
2297 2284
1598 2285
2248 2285
2965 2286
2541 2288
617 2290
2828 2291
504 2292
624 2292
950 2292
724 2293
1591 2293
450 2295
542 2295
205 2296
783 2296
2646 2296
98 2297
2284 2297
151 2299
242 2299
450 2299
468 2299
1582 2299
376 2300
1513 2300
544 2302
1915 2302
2528 2304
797 2305
1612 2307
2175 2307
2341 2308
2698 2308
791 2309
2334 2309
3167 2309
3168 2309
731 2310
981 2311
1242 2311
2183 2311
2361 2311
2880 2311
28 2312
1654 2312
2401 2312
28 2313
28 2314
713 2314
2339 2314
2588 2314
2739 2314
28 2315
28 2316
80 2316
392 2316
819 2316
923 2316
1311 2316
1921 2316
2383 2316
2547 2316
2673 2316
436 2317
893 2318
1751 2319
1757 2319
172 2320
709 2320
1028 2320
2321 2320
3227 2320
620 2321
1557 2321
2320 2321
172 2322
1557 2322
2320 2322
1044 2323
1395 2323
1619 2323
1802 2323
2434 2323
2506 2324
593 2325
1213 2325
279 2326
1928 2326
198 2327
1031 2328
1812 2328
716 2329
1180 2329
2613 2329
2614 2329
2682 2329
1011 2330
1130 2331
1429 2331
1558 2331
1655 2331
2427 2331
1551 2332
1704 2332
2269 2332
2334 2333
2309 2334
2333 2334
2538 2334
70 2335
1235 2335
1620 2335
2095 2335
762 2337
2430 2337
2339 2338
736 2339
1049 2339
1419 2339
1746 2339
1917 2339
2314 2339
2338 2339
2463 2339
3282 2339
1981 2340
2338 2340
2308 2341
2342 2341
66 2342
2341 2342
2878 2342
942 2343
1084 2343
1123 2343
1855 2343
1164 2344
465 2345
1729 2345
2153 2345
2346 2345
2347 2345
1785 2346
2080 2346
2345 2346
1992 2347
2345 2347
282 2348
1163 2348
1224 2348
1840 2348
2349 2348
3040 2348
3041 2348
523 2349
1840 2349
357 2350
1468 2350
1948 2350
2351 2350
357 2351
999 2351
1867 2351
1916 2351
2372 2351
431 2352
2407 2352
877 2353
1030 2353
1448 2353
1672 2353
1030 2354
2353 2354
2356 2355
486 2356
1570 2356
2355 2356
1867 2357
1887 2357
2358 2357
458 2358
1867 2358
1887 2358
2357 2358
2431 2358
2652 2358
847 2360
1580 2360
434 2361
549 2361
1275 2361
1517 2361
1580 2361
2226 2361
2360 2361
2443 2361
2880 2361
434 2362
1517 2362
1580 2362
2360 2362
2506 2362
881 2363
1540 2363
1755 2363
2228 2363
3164 2363
881 2364
2228 2364
74 2365
3163 2365
954 2366
1286 2366
2790 2366
3286 2366
1411 2367
2541 2367
2790 2367
3152 2367
1411 2368
1726 2368
1863 2368
2790 2368
2943 2368
1264 2369
1330 2369
2370 2369
2371 2369
69 2370
2369 2370
1330 2371
2369 2371
2874 2371
1030 2372
2351 2372
2373 2372
2374 2372
2375 2372
1971 2373
2372 2374
761 2375
781 2375
1155 2375
1379 2375
2372 2375
625 2376
816 2377
937 2377
1831 2377
54 2378
2062 2378
946 2379
1584 2379
2380 2379
520 2380
618 2380
1584 2380
2379 2380
2402 2380
2534 2380
1282 2381
1396 2381
2382 2381
2381 2382
1895 2383
2316 2383
663 2385
2893 2385
1583 2387
2389 2388
2388 2389
234 2391
582 2391
2393 2392
1297 2393
2392 2393
2395 2394
2460 2395
691 2396
1122 2396
1422 2396
1663 2396
1943 2396
2064 2396
2397 2396
2396 2397
237 2398
307 2398
1214 2398
1251 2398
1422 2398
2002 2398
2107 2398
2396 2398
2829 2398
2925 2398
350 2399
1070 2399
1668 2399
2250 2399
2861 2399
1326 2400
1545 2400
1671 2400
1849 2400
286 2401
1445 2401
1848 2401
1877 2401
2312 2401
2924 2401
2959 2401
520 2402
2380 2402
1106 2403
428 2404
492 2404
715 2404
1644 2404
1725 2404
1940 2404
2638 2404
2919 2404
377 2405
428 2405
715 2405
857 2406
1299 2406
1828 2406
164 2409
2017 2410
829 2411
1505 2411
552 2412
1352 2412
620 2413
2174 2413
81 2414
558 2414
591 2414
1152 2414
2704 2414
616 2415
2597 2415
373 2416
622 2416
912 2416
1605 2416
1943 2416
2166 2416
2490 2416
2597 2416
16 2417
691 2417
2637 2417
16 2418
622 2418
962 2418
1567 2418
1943 2418
2490 2418
2597 2418
986 2419
1429 2420
1542 2420
1587 2420
1903 2420
2558 2420
122 2421
827 2421
1429 2421
1587 2421
2147 2421
263 2422
705 2422
1130 2422
1587 2422
1093 2423
2424 2423
1093 2424
1990 2424
2161 2424
2423 2424
2425 2424
1093 2425
2424 2425
3011 2425
816 2426
1875 2426
1989 2426
3027 2426
993 2427
1097 2427
1398 2427
1666 2427
1875 2427
2422 2427
3028 2427
76 2428
1875 2428
414 2429
1761 2429
2565 2429
2337 2430
1887 2431
2358 2431
1547 2432
208 2433
218 2433
1718 2433
189 2434
885 2434
976 2434
1044 2434
1222 2434
2323 2434
1422 2435
2097 2435
2226 2435
2488 2435
2882 2435
3074 2435
179 2436
664 2438
1203 2438
2174 2439
1620 2440
2441 2440
2440 2441
877 2442
2687 2442
677 2443
985 2443
1015 2443
1731 2443
1825 2443
2444 2443
2506 2443
361 2444
1214 2444
1275 2444
2443 2444
2649 2444
2955 2445
2957 2445
1878 2446
582 2447
1836 2447
1939 2447
2220 2447
2448 2447
2449 2447
2450 2447
2451 2447
2452 2447
1683 2448
2447 2448
2447 2449
1683 2450
2259 2450
2447 2450
2646 2450
1683 2451
2447 2451
265 2452
1385 2452
1683 2452
2447 2452
1589 2453
3156 2453
890 2454
49 2455
1253 2455
2866 2455
2457 2456
2456 2457
604 2458
988 2458
1742 2458
1782 2458
1804 2458
2459 2458
2460 2458
1844 2460
2395 2460
3142 2460
2458 2461
1165 2462
371 2463
1049 2463
642 2464
3120 2464
2051 2465
39 2466
1698 2466
1155 2467
1588 2468
1555 2469
2470 2469
2469 2470
1220 2472
2473 2472
1721 2473
2472 2473
2672 2473
2868 2473
12 2474
150 2474
2033 2474
453 2475
1012 2475
1034 2475
1607 2475
2782 2475
2829 2475
2925 2475
792 2476
2160 2476
427 2477
536 2477
840 2477
2559 2477
1575 2478
2130 2478
2919 2478
1261 2480
2481 2480
691 2481
1261 2481
2596 2481
560 2482
1245 2482
695 2483
1251 2483
214 2485
1568 2485
2767 2485
567 2486
1694 2486
2255 2486
138 2487
150 2487
839 2487
138 2488
1853 2488
1965 2488
2435 2488
2487 2488
2487 2489
373 2490
912 2490
1025 2490
1422 2490
2416 2490
2418 2490
2492 2491
78 2492
669 2492
2491 2492
2733 2492
3249 2492
1903 2493
682 2494
1471 2494
2861 2494
2954 2494
3128 2494
649 2495
2646 2495
860 2497
3288 2497
3296 2497
822 2498
1043 2498
3274 2498
2067 2499
2146 2500
441 2501
960 2501
1069 2503
2136 2505
1580 2506
1655 2506
2324 2506
2361 2506
2362 2506
2507 2506
136 2507
157 2507
186 2507
2196 2507
2520 2507
2598 2507
196 2508
1864 2509
2174 2509
2510 2509
2511 2509
1078 2510
1259 2510
2509 2510
98 2511
2509 2511
884 2512
1363 2512
1129 2513
2514 2513
1018 2514
1032 2514
2513 2514
3241 2514
540 2515
654 2515
1730 2516
1889 2516
2516 2517
2751 2517
2044 2518
136 2519
395 2519
396 2519
450 2519
882 2519
930 2519
2217 2519
2719 2519
2720 2519
136 2520
847 2520
1429 2520
2507 2520
2523 2522
2522 2523
473 2524
2202 2524
3249 2524
51 2525
1798 2526
347 2527
1064 2527
1202 2527
1758 2527
2633 2527
1349 2528
2304 2528
50 2529
971 2529
1263 2529
76 2530
584 2531
1039 2531
1170 2531
1082 2532
2207 2532
415 2533
2380 2534
2837 2534
588 2536
668 2536
1255 2537
2642 2538
463 2540
2288 2541
3152 2541
1724 2542
958 2543
1063 2543
1675 2543
1137 2544
889 2545
2799 2545
152 2546
920 2547
2316 2547
2140 2548
2549 2548
2548 2549
1927 2550
843 2551
2550 2551
2579 2551
1119 2552
1577 2552
471 2554
713 2554
2209 2554
2554 2555
70 2557
991 2557
683 2558
840 2559
1560 2559
1705 2559
2114 2559
2477 2559
777 2560
1447 2560
543 2561
2165 2561
637 2562
808 2562
2066 2562
237 2564
807 2564
941 2564
2097 2564
2435 2564
2665 2564
414 2565
1492 2565
1761 2565
2429 2565
2195 2566
906 2567
906 2568
57 2570
2831 2570
99 2571
170 2571
97 2572
902 2572
1201 2572
525 2573
1143 2573
2574 2573
2575 2573
648 2574
2573 2574
648 2575
2573 2575
681 2577
705 2577
624 2578
924 2578
1335 2578
1836 2578
1999 2578
2212 2578
690 2579
2551 2579
1180 2580
1366 2580
2581 2580
2848 2580
3025 2580
336 2581
1180 2581
1366 2581
2580 2581
2848 2581
1862 2582
170 2583
535 2584
1583 2584
1894 2584
303 2585
549 2585
755 2585
1190 2585
1214 2585
1422 2585
2782 2585
2828 2585
744 2586
1698 2586
3138 2586
2050 2587
471 2588
713 2588
1676 2588
2314 2588
998 2589
1021 2589
1719 2589
821 2591
1056 2593
394 2594
641 2595
1080 2595
616 2596
622 2596
968 2596
1117 2596
2257 2596
2481 2596
2597 2596
2598 2596
16 2597
340 2597
616 2597
622 2597
931 2597
1013 2597
2415 2597
2417 2597
2481 2597
2625 2597
2507 2598
2596 2599
3300 2599
1271 2601
1302 2601
1461 2601
613 2603
1441 2603
1676 2604
2209 2604
2555 2604
611 2605
620 2605
1311 2607
1027 2608
2609 2608
56 2609
2608 2609
2611 2610
2612 2610
2610 2611
1210 2612
1335 2612
2610 2612
247 2613
2329 2613
2329 2614
3292 2614
817 2616
2618 2617
329 2618
2617 2618
227 2619
254 2619
266 2619
854 2620
1131 2621
1625 2621
1630 2621
10 2622
131 2622
268 2622
395 2622
755 2622
1591 2622
1759 2622
2162 2622
2230 2622
2782 2622
2624 2623
483 2624
2623 2624
147 2625
428 2625
2650 2625
147 2626
428 2626
773 2626
1054 2626
1112 2626
1647 2626
1831 2626
3054 2626
1279 2627
2628 2627
1279 2628
1890 2628
2627 2628
1320 2629
421 2631
1620 2631
1678 2631
2132 2631
2899 2631
3009 2631
43 2632
627 2632
2239 2632
2650 2632
43 2633
847 2633
930 2633
968 2633
1064 2633
1665 2633
1759 2633
2217 2633
2527 2633
222 2634
2000 2635
95 2636
1620 2636
622 2637
1117 2637
1567 2637
1708 2637
2166 2637
2417 2637
3164 2637
180 2638
351 2638
1096 2638
1439 2638
2404 2638
2405 2638
2641 2638
180 2639
351 2639
661 2639
661 2640
2638 2640
2641 2640
661 2641
2638 2641
2640 2641
338 2642
106 2643
155 2643
1180 2643
1183 2643
76 2644
312 2644
768 2645
2217 2645
516 2646
540 2646
649 2646
771 2646
1472 2646
1615 2646
1842 2646
2278 2646
2296 2646
2911 2646
3017 2646
3018 2646
517 2647
648 2647
1894 2648
361 2649
1214 2649
1422 2649
2444 2649
2650 2649
361 2650
1214 2650
1918 2650
2625 2650
2632 2650
1422 2651
2021 2651
2281 2651
2632 2651
2827 2651
1539 2653
3291 2653
1120 2654
42 2655
263 2655
444 2655
886 2655
1567 2655
1872 2655
1980 2655
2863 2657
109 2658
109 2659
1781 2659
3255 2660
2080 2661
755 2663
1422 2663
755 2664
1422 2664
2991 2664
2564 2665
2784 2665
755 2666
1904 2666
453 2667
755 2667
807 2667
748 2668
2846 2668
1441 2669
2603 2669
2473 2670
2670 2671
1220 2672
1721 2672
2473 2672
83 2673
615 2673
2316 2673
2670 2673
3284 2673
286 2674
994 2675
1399 2675
2224 2675
307 2676
2224 2676
1883 2678
176 2679
2750 2679
1131 2680
1308 2680
1568 2680
1625 2680
627 2681
1131 2681
1422 2681
1625 2681
2886 2681
721 2683
1135 2683
1222 2684
2686 2685
2065 2686
2442 2687
2689 2688
2688 2689
1606 2691
2690 2691
865 2692
873 2693
1456 2694
2695 2694
2694 2695
179 2696
2696 2697
2308 2698
1601 2700
290 2701
967 2701
1896 2702
208 2703
218 2703
404 2703
997 2703
1035 2703
1152 2703
1534 2703
1718 2703
1902 2703
2170 2703
2705 2703
2966 2703
2976 2703
1463 2704
1896 2704
2414 2704
404 2705
438 2705
1718 2705
2703 2705
2706 2705
404 2706
438 2706
1896 2706
2703 2706
1896 2707
908 2708
1896 2708
1894 2710
2048 2710
394 2711
1167 2711
1894 2711
826 2712
226 2713
3232 2713
1161 2714
2715 2714
1480 2715
2714 2715
160 2716
2151 2717
413 2718
2519 2718
413 2719
468 2719
2519 2719
2519 2720
2718 2720
1620 2721
2028 2721
704 2722
1254 2722
2092 2722
2723 2722
2722 2723
1277 2725
1170 2726
2727 2726
1111 2727
2726 2727
1130 2728
26 2729
222 2729
1435 2729
567 2730
1435 2730
2729 2730
2898 2730
1847 2731
2005 2731
3232 2731
254 2732
508 2732
2067 2732
2733 2732
1652 2733
142 2734
819 2734
1002 2734
1455 2734
161 2735
451 2736
953 2736
1440 2736
3034 2736
2738 2737
1409 2738
1448 2738
2737 2738
856 2739
2740 2739
2741 2739
2744 2743
541 2745
1845 2746
2012 2746
726 2747
2748 2747
2747 2748
260 2749
176 2750
2679 2750
1889 2751
485 2752
1052 2752
1159 2754
1159 2755
1339 2758
349 2760
2762 2761
2763 2761
1006 2762
2761 2762
2999 2762
300 2763
2761 2763
272 2765
1568 2766
1138 2767
1568 2767
2485 2767
886 2768
886 2769
813 2770
1585 2770
1585 2771
2773 2772
3272 2772
2772 2773
2928 2773
968 2774
993 2774
1301 2774
1731 2774
2829 2774
2925 2774
2968 2774
993 2775
1301 2775
1943 2775
106 2776
2189 2776
2643 2776
1211 2779
1585 2779
2780 2779
1075 2780
2027 2781
27 2782
137 2782
220 2782
246 2782
307 2782
453 2782
586 2782
807 2782
835 2782
887 2782
941 2782
968 2782
1214 2782
1238 2782
1343 2782
1480 2782
2115 2782
2230 2782
2475 2782
2585 2782
2622 2782
2783 2782
2784 2782
2785 2782
1015 2783
1422 2783
2782 2783
453 2784
1214 2784
2230 2784
2665 2784
229 2785
1012 2785
1422 2785
2782 2785
453 2786
1214 2786
2667 2786
2782 2786
524 2787
2787 2788
2938 2788
552 2789
2149 2789
374 2790
1286 2790
1401 2790
1726 2790
2067 2790
2366 2790
2367 2790
695 2791
695 2792
94 2793
1192 2793
1173 2794
1730 2795
2794 2795
1173 2796
875 2797
1899 2798
603 2799
889 2799
1973 2799
1979 2800
2802 2801
1806 2804
2805 2804
2804 2805
2908 2805
2807 2806
2806 2807
1447 2811
1837 2811
441 2812
1354 2812
1158 2813
1410 2814
228 2815
300 2815
2814 2815
1004 2816
1324 2816
1324 2817
2008 2818
1170 2819
1112 2820
2925 2820
3324 2820
1422 2821
2125 2821
1071 2822
1422 2822
2128 2822
1214 2824
1422 2824
3308 2824
1262 2825
1422 2825
59 2826
1214 2826
1422 2826
675 2827
686 2827
1422 2827
1976 2827
2651 2827
51 2828
454 2828
1190 2828
1422 2828
2181 2828
2291 2828
2585 2828
2651 2828
3000 2828
433 2829
528 2829
962 2829
965 2829
968 2829
993 2829
1071 2829
1422 2829
2097 2829
2282 2829
2475 2829
2774 2829
2775 2829
2967 2829
2622 2830
2859 2830
2570 2831
1465 2832
212 2835
783 2835
3274 2835
212 2836
1970 2836
2534 2837
887 2839
541 2840
582 2840
587 2840
200 2842
2828 2842
504 2844
670 2844
624 2845
777 2845
247 2848
561 2848
876 2848
1953 2848
2581 2848
2852 2851
2851 2852
1036 2853
1226 2853
2660 2853
292 2854
101 2855
825 2855
1340 2855
1626 2856
1392 2857
3212 2857
490 2858
2830 2859
2230 2860
402 2861
1395 2861
1471 2861
1634 2861
2174 2861
2399 2861
2455 2861
2494 2861
851 2863
929 2863
2864 2863
1806 2865
609 2866
1634 2866
2583 2866
2984 2866
217 2867
1603 2867
1770 2867
2237 2867
607 2868
1725 2868
2206 2868
2244 2868
2473 2868
2870 2868
1104 2871
2873 2872
864 2874
1091 2874
1346 2874
2371 2874
2509 2875
1040 2877
1208 2877
1055 2879
1580 2880
968 2882
186 2883
2507 2883
1125 2884
1890 2884
1815 2885
1625 2886
396 2887
1650 2888
608 2889
2890 2889
2889 2890
445 2891
486 2891
1115 2891
2117 2892
2385 2893
3144 2894
1544 2895
2897 2896
567 2898
1435 2898
2730 2898
70 2899
203 2899
550 2899
1068 2899
1135 2899
1946 2899
2631 2899
2900 2899
2901 2899
2903 2899
194 2900
1353 2900
2052 2900
2899 2900
2899 2901
2899 2902
2899 2903
1378 2907
2038 2907
167 2909
998 2909
1970 2909
1985 2909
540 2910
610 2910
442 2911
540 2911
649 2911
923 2911
1103 2911
2134 2911
3317 2911
1484 2912
2063 2912
2292 2913
2915 2914
2914 2915
2917 2916
2916 2917
1710 2918
158 2919
1097 2919
1358 2919
1575 2919
1587 2919
1004 2920
3296 2920
332 2921
582 2921
745 2921
437 2922
754 2923
153 2925
373 2925
622 2925
912 2925
1034 2925
1427 2925
1605 2925
1910 2925
2097 2925
2257 2925
2398 2925
2475 2925
2967 2925
1617 2926
1112 2927
1617 2927
214 2928
702 2928
2952 2931
316 2932
1097 2933
2935 2934
2934 2935
310 2936
2937 2936
310 2937
93 2939
656 2940
1287 2940
240 2942
2264 2942
2368 2943
1244 2944
1595 2945
1926 2945
183 2946
1367 2947
2960 2947
690 2948
1709 2948
2090 2949
2561 2949
3011 2949
2292 2950
2950 2951
2950 2952
1088 2953
1471 2954
2494 2954
76 2955
381 2955
1185 2955
1457 2955
2445 2955
2956 2955
1457 2956
2955 2956
2082 2957
2445 2957
2955 2957
2096 2958
2401 2959
3025 2959
758 2960
685 2961
768 2964
1473 2964
1956 2964
1965 2964
2286 2965
208 2966
404 2966
438 2966
2703 2966
2705 2966
2706 2966
968 2967
2115 2967
2829 2967
2774 2968
2829 2968
2967 2968
1458 2972
465 2973
3009 2973
497 2974
1779 2974
2094 2974
2975 2974
497 2975
2974 2975
81 2976
1620 2977
2025 2977
259 2978
1262 2978
230 2979
681 2980
2980 2981
313 2984
1264 2984
2866 2984
2994 2984
730 2985
2986 2985
2985 2986
730 2987
1951 2988
1984 2989
2990 2989
2989 2990
1122 2991
2047 2991
234 2993
2154 2993
491 2994
2984 2994
1006 2999
2762 2999
2828 3000
1507 3001
336 3002
3003 3005
690 3007
3249 3007
1933 3008
32 3009
70 3009
203 3009
550 3009
2120 3009
2631 3009
550 3010
1162 3010
1808 3011
2425 3011
2949 3011
965 3014
1112 3014
1617 3014
455 3017
921 3017
2189 3017
2646 3017
2911 3017
83 3018
923 3018
803 3019
1981 3020
1189 3021
1305 3021
1610 3022
568 3023
2635 3024
1180 3025
1600 3025
2959 3025
790 3026
921 3026
1545 3026
1620 3026
1989 3027
746 3028
2427 3028
359 3029
460 3030
1757 3030
1962 3031
1524 3032
1440 3034
2736 3034
958 3035
1858 3035
2031 3035
741 3036
3203 3036
1428 3037
3038 3037
1382 3038
1624 3038
3037 3038
638 3039
2348 3041
1115 3042
1389 3043
1554 3044
2010 3044
1042 3045
2342 3045
3187 3045
83 3046
294 3046
478 3046
819 3046
1865 3046
1891 3046
1932 3046
2278 3046
2495 3046
2911 3046
3017 3046
440 3047
541 3047
1303 3047
541 3048
564 3048
541 3049
1572 3049
3050 3049
3049 3050
194 3051
1094 3051
3207 3051
194 3052
1384 3052
1143 3053
474 3055
474 3056
1509 3056
3058 3057
3059 3057
3057 3058
3059 3058
3058 3059
911 3060
295 3061
1563 3062
831 3063
1433 3064
1433 3065
2589 3066
3067 3066
1218 3068
1868 3068
1083 3069
161 3070
371 3071
1746 3071
2022 3071
2339 3071
918 3072
3080 3072
213 3073
2435 3074
783 3076
2835 3076
1153 3079
20 3080
1583 3080
2227 3080
3072 3080
3081 3080
3080 3081
321 3083
156 3084
326 3085
968 3086
2014 3088
2400 3089
1695 3090
3091 3090
1664 3092
219 3093
2254 3093
1314 3094
3095 3094
3094 3095
589 3096
582 3099
649 3099
923 3099
1541 3100
667 3101
711 3103
3267 3103
1604 3104
410 3106
3107 3106
190 3107
722 3107
1822 3107
2180 3107
3106 3107
3109 3108
3110 3108
3108 3110
1900 3111
1673 3112
2135 3113
3116 3115
324 3116
996 3116
3115 3116
3118 3117
1252 3119
1571 3119
245 3124
1310 3125
1907 3125
3127 3126
3126 3127
603 3128
1349 3129
1910 3129
47 3131
2167 3131
2686 3132
3193 3132
118 3133
672 3133
1156 3133
3134 3133
3133 3134
1499 3135
3135 3136
466 3138
2586 3138
1085 3139
1992 3139
666 3140
2004 3143
955 3144
2894 3144
3145 3144
3144 3145
519 3146
3147 3146
1924 3147
3146 3147
2185 3149
1880 3150
1983 3152
2541 3152
569 3153
2210 3153
951 3154
1906 3155
356 3156
482 3156
708 3156
1026 3157
963 3158
101 3161
1328 3162
424 3163
2365 3163
2637 3164
3166 3165
2309 3168
1523 3169
1523 3170
1523 3171
3172 3171
1523 3172
3169 3172
3173 3172
1143 3174
789 3176
3177 3176
3176 3177
1306 3181
163 3182
210 3183
190 3184
325 3184
330 3184
403 3185
1092 3185
1662 3185
380 3188
596 3191
33 3193
107 3193
372 3193
846 3193
1143 3193
1244 3193
3132 3193
3194 3193
3195 3193
3210 3193
1822 3194
3193 3196
33 3197
1811 3198
655 3200
687 3200
655 3201
225 3203
245 3203
3204 3203
225 3204
245 3204
3203 3204
2029 3205
330 3206
2065 3206
3051 3207
1949 3208
1113 3211
2857 3212
506 3213
640 3214
1052 3215
1239 3215
2154 3215
2189 3215
582 3216
582 3217
582 3218
1237 3219
1687 3220
1822 3220
567 3221
689 3221
1310 3221
2255 3221
2092 3222
2041 3224
2462 3224
873 3225
2320 3227
269 3228
239 3230
1321 3230
1907 3232
2713 3232
2731 3232
935 3233
269 3235
269 3236
3228 3236
1047 3237
866 3239
2178 3240
1586 3241
2514 3241
1581 3242
2056 3243
1085 3244
3139 3244
1313 3246
1462 3246
1846 3247
227 3249
254 3249
266 3249
1808 3249
2492 3249
2569 3250
22 3251
1045 3252
1596 3252
3253 3252
1596 3253
3252 3253
767 3254
3230 3254
1670 3256
3281 3256
412 3257
1778 3257
788 3262
460 3263
3030 3263
205 3265
212 3265
3103 3267
1548 3268
2271 3268
2237 3269
2007 3270
378 3272
482 3272
1589 3272
2772 3272
2773 3272
1082 3273
1505 3273
2411 3273
110 3274
405 3274
472 3274
541 3274
1768 3274
2835 3274
744 3275
2104 3276
2169 3276
185 3278
2026 3279
1194 3280
1917 3282
837 3283
2 3285
447 3286
1286 3286
1667 3286
3287 3286
3286 3287
2497 3288
344 3289
2214 3290
352 3293
2251 3295
860 3296
2497 3296
1664 3297
83 3299
2599 3300
1908 3301
3302 3301
1908 3302
3301 3302
1073 3303
1651 3304
1733 3305
1733 3306
1451 3308
2824 3308
1981 3312
2022 3312
1974 3313
998 3314
645 3315
2911 3317
3320 3319
3319 3320
1750 3321
3323 3322
3322 3323
268 3324
2820 3324
1643 3325
33 3326
2189 2223
2119 1495
1221 2092
1274 569
2470 3304
1630 3263
185 2177
1719 2070
2375 1609
568 2966
1211 1144
2742 902
1949 2743
1936 203
59 2104
820 1569
717 2585
2214 2485
1152 400
874 52
2566 2952
243 3090
1201 853
2821 1349
2678 1862
2707 2545
1353 1920
342 1056
1825 912
1828 2989
886 420
1381 193
777 695
1904 42
2616 2338
587 2326
878 492
2837 582
974 222
177 1248
27 440
3096 683
1770 1775
2054 2670
2031 3091
1066 926
80 1704
1070 562
1700 80
2234 630
59 735
438 1093
937 1168
2585 2387
364 710
2600 46
654 1097
3071 476
138 309
1780 1006
433 466
3192 370
2331 498
3146 19
2321 1122
2438 2484
2603 1565
393 2563
459 3288
244 3087
382 321
818 2172
1167 1244
155 1757
3127 2062
2157 3149
3009 1866
679 1172
2843 360
3311 1210
1865 1018
1673 3244
729 1523
981 1668
2669 379
1001 559
1759 2093
3270 1297
2315 824
714 299
654 2848
1910 7
855 2644
1686 1666
1859 898
1070 586
753 3209
2177 991
858 588
2334 2498
1647 1401
647 2920
2866 1290
326 2134
1584 210
1078 144
2717 1538
1817 2079
304 402
3203 269
3175 2625
1961 1661
114 81
1492 2927
2777 1888
1873 2767
2284 1396
1464 1856
614 3006
2908 1617
1983 637
3058 312
2576 1772
1893 951
1409 1682
2264 236
3018 463
765 1801
3062 1480
1779 2763
1872 2878
618 1698
943 564
808 1313
2760 3122
3304 3314
2983 1934
743 2851
1856 580
3264 1914
1052 667
3141 759
2684 3145
2778 793
2523 1736
673 1465
2033 939
1838 2508
1531 2460
234 2760
2959 2321
620 3026
2070 2919
861 3307
308 1883
2108 2054
2235 2696
2185 125
1289 2950
2323 419
2933 1257
1920 44
469 2752
2021 1402
2809 2438
1412 769
3293 2088
666 974
2392 2663
1701 326
2313 2196
1438 2274
1234 81
2162 1655
179 857
2182 3225
2385 968
2619 1442
613 1754
2714 2660
659 2666
626 3269
761 2231
3239 1550
1078 939
2061 221
3259 429
622 1250
2265 25
2804 1299
355 2464
1040 1783
1636 1513
421 1420
2089 979
2378 665
483 802
2041 895
2810 1907
1709 1822
2512 618
2146 1156
2884 877
3230 1719
895 2727
2092 588
2804 466
1767 230
1801 603
2050 2547
3107 2032
283 663
1273 715
425 1736
2089 1418
2074 866
41 1967
3303 2485
1767 1978
3252 1988
579 1201
257 1433
2954 1612
1428 1271
1274 1034
336 2049
2203 2677
787 41
350 3021
706 831
829 1374
2477 1539
397 1765
869 2638
976 622
2281 1921
1043 2023
1029 756
3281 2977
1635 3268
911 217
3188 1612
1564 2719
951 2400
1978 1728
3032 2948
1676 3178
2514 1355
3142 17
492 2028
3224 40
2510 865
184 2526
744 2455
703 932
2769 1313
2166 295
2416 697
2309 1267
557 3041
2258 3287
873 2270
3130 1450
1137 159
2500 3015
2469 3303
3090 2602
3030 1280
3321 1717
1815 868
407 2944
1743 2717
1882 1768
700 1667
94 2391
1619 2805
3234 516
774 1744
574 811
261 627
456 2368
267 205
804 1780
1411 1895
2476 1759
1722 2767
599 2785
3006 2724
2098 2499
2732 641
1500 3305
2519 212
2331 731
2775 2362
791 743
2192 2675
3256 2910
830 2684
1469 1343
3193 143
21 517
3126 1675
1550 2884
630 206
359 266
265 1372
1198 884
1560 669
2405 1352
1659 1862
909 2374
885 811
547 395
1433 1604
2244 2367
925 489
3324 292
3266 1500
157 2785
3213 2474
1200 843
1525 2149
257 2707
1948 3154
177 3284
49 922
47 2766
1072 670
1742 562
912 127
3089 719
621 3315
1800 1100
1936 2174
1323 402
755 2137
2571 477
2305 428
541 963
1543 1248
869 1537
2002 1652
182 1942
1074 1548
1910 2050
3145 1190
648 460
1566 317
2197 2054
1740 1172
2345 1020
2733 1740
616 2044
2773 2028
1981 1302
2999 1000
1778 300
3071 1210
2384 206
2751 2294
2922 2759
1316 47
1956 411
2864 261
2923 602
17 857
2585 499
2543 370
1043 2077
3100 1998
356 3234
1087 923
1580 3092
1 283
774 1877
1836 3049
3301 130
2416 2971
2262 2733
683 721
1118 347
3323 3251
30 2493
298 2023
1603 97
2172 2351
3136 914
2184 1129
891 2083
1207 1246
2384 3292
2657 378
1196 2244
1881 2983
2709 1911
296 770
576 1354
2672 1155
502 1783
1039 2777
1928 3223
2499 751
2245 3090
2322 1380
1292 2386
688 1181
1144 335
2153 1850
2610 2684
528 2490
16 344
2836 3087
3189 2128
2277 913
433 976
3291 3318
354 1446
1145 393
3024 558
1808 2586
2494 2701
2812 1694
2159 1712
163 2479
998 2761
1162 987
2300 751
227 133
1972 1823
1437 561
1952 2647
1251 508
2200 1479
1989 467
927 2354
757 498
731 1371
1434 1399
2550 1627
2409 747
353 1410
2611 2083
2188 1342
1752 2663
1224 2545
322 2966
3001 1
2349 3039
1626 2643
603 2052
2496 2395
70 1394
2810 438
3315 1826
611 1361
1811 1240
2406 50
2516 459
1919 711
1893 485
1493 2232
2547 10
3279 1217
3267 3322
1043 1125
1225 2048
1072 1529
2152 795
1626 843
245 1192
1171 1191
919 2941
1693 821
913 3025
1663 1600
2623 1357
3271 728
1247 1168
1289 3267
1386 1144
522 2188
895 945
990 3245
3089 1628
312 461
2068 702
2867 2185
411 1001
2223 1659
167 3126
1120 879
1625 171
2726 2655
1758 140
2403 2115
272 2584
1814 78
265 2583
1866 2084
224 584
1715 1863
1658 2390
2714 3092
480 1192
645 170
748 3198
524 2325
1481 954
1670 2122
2405 1624
3017 1320
1021 1297
3196 3127
2884 861
244 2579
166 159
3147 1485
1529 605
1774 660
2778 646
3086 2865
1265 1332
13 3212
915 1741
1057 1332
844 2678
17 2736
757 523
1691 2569
2879 874
2565 2623
2258 1095
1823 1855
2492 1928
732 350
1851 677
2619 1892
1588 1152
3232 2976
2214 2080
1332 427
751 1272
1276 2699
706 459
1311 2212
397 2706
3024 1126
1125 3215
492 3021
2318 2224
2721 1368
2282 2373
1537 1201
306 1995
835 2764
1999 2468
311 2372
836 100
1170 1157
1839 2412
1609 1960
1221 722
1943 786
1094 3007
2586 387
632 2702
1343 568
1437 1422
1129 1130
1723 2911
1744 3031
2995 995
483 3231
3005 1363
680 2446
2787 2734
1598 3145
2978 1607
1426 3254
1247 2810
730 204
244 1610
95 815
1270 1993
819 2975
2437 1552
1636 2670
580 2859
1131 3044
1809 2012
984 31
3311 516
2986 1660
3018 1200
659 180
1853 2384
1495 2616
1965 2095
1836 2418
2990 1956
2514 124
1548 1883
365 2983
2777 2324
2706 2814
1277 1859
1352 820
2213 2033
3164 3199
208 2853
586 1478
2720 1199
1449 593
2149 982
2436 1354
2454 2368
1364 311
2617 3277
1547 1105
3110 1264
2357 434
2710 1237
2791 3245
1276 1926
691 3307
1209 2266
660 66
1896 1275
2261 309
2936 1376
2065 1650
41 1928
3128 1788
2842 1107
1571 644
1496 2814
87 2612
2210 1954
2224 2515
38 2354
2772 468
614 1408
79 865
1692 513
1156 2815
2669 2834
1796 1633
733 961
529 1735
454 467
1452 1005
2843 870
2207 1509
1458 2142
350 1465
1904 1945
1990 1966
463 1970
2636 872
1658 2777
545 2032
3264 1367
467 2331
1325 227
2964 30
3077 2082
779 1324
1548 3098
1215 1421
1445 3105
2348 714
2911 939
2275 165
1196 81
3144 1146
2506 1353
647 2054
1111 346
105 2494
1686 2852
2415 272
1588 1303
2032 3102
1970 2885
2104 485
2868 2788
1950 2433
494 1195
1927 3285
2772 2482
932 1620
1733 1665
571 1712
2572 540
3120 2953
2911 922
1754 167
3100 667
2260 2046
396 1106
1428 918
3302 639
1114 2219
2844 1583
1753 2901
951 1338
651 2185
2158 1081
278 2229
2879 541
3101 2105
1093 1401
2208 1126
2642 2809
838 1031
2528 2323
829 2261
3325 1773
1579 1288
1127 1504
645 2171
1510 1249
367 3176
1512 907
2382 2426
90 2726
127 1825
3131 3306
926 3306
2685 811
1906 2925
2619 412
412 3198
2106 6
213 1415
945 1862
277 2854
856 255
2386 2704
2045 870
1354 1691
1489 2598
2775 626
1311 1755
1049 331
1752 1934
1116 1084
1210 1333
437 354
2448 2307
2551 379
2574 2043
3172 1734
714 2891
2741 180
2131 607
2068 1389
94 2410
13 2923
496 2296
2229 2205
1588 2252
819 2202
1717 2793
960 332
408 647
2756 529
1748 2514
2978 184
2612 2866
1208 855
1746 2931
2395 513
1418 1145
1833 2836
1232 124
1351 1606
1436 2316
418 2640
2488 901
1187 1264
2400 1576
926 104
1808 523
628 2607
2603 399
2377 2575
163 670
2318 1222
100 335
2303 1353
2021 3015
1516 948
2037 2364
2264 1662
1483 1367
117 378
2521 764
1739 2200
833 1649
170 2502
2674 928
472 0
2130 3145
730 1495
3091 2312
3104 1430
1540 1893
774 2788
3168 322
1006 2325
2652 2336
1786 2772
2129 1023
942 1386
3226 2890
2848 528
3117 1983
2255 1285
2824 585
1425 2464
2675 1433
231 621
1226 2141
2818 2904
2335 660
1910 2248
3111 2963
706 1056
174 2399
2841 1727
2374 15
3055 1111
1020 660
2476 579
1110 626
1 2935
3309 3007
3158 1503
332 1824
396 2599
1827 871
2070 223
1261 146
1040 2614
223 2436
266 2605
861 3202
2652 1045
3002 400
3053 804
236 2394
2214 2395
1406 1464
1493 691
2042 1264
1725 3275
2909 236
2480 827
692 1185
654 3060
2365 2077
2041 2987
2121 331
1804 166
2613 2499
54 2839
2950 1720
1374 2079
1784 1431
2455 2903
2747 1828
3061 1564
1083 591
409 755
23 1433
416 1002
11 1179
3056 267
60 560
2403 1417
3209 1461
2092 1693
184 1524
2699 328
2545 602
305 1267
1709 1232
2226 1553
2795 744
2330 712
2318 1901
339 2218
1955 1096
529 3112
621 2872
108 1832
1478 1842
2768 3016
1042 1341
1142 854
2158 480
947 982
2582 2074
576 2449
1133 869
2941 1809
1516 898
1428 1683
3147 3311
522 2921
707 3054
180 1830
1951 1335
1138 584
3139 566
2424 2342
2755 1355
3021 171
528 871
856 2180
378 1255
425 952
2432 1936
2372 915
979 925
2260 604
1372 85
2647 983
844 3231
2926 2750
2538 41
2136 1703
893 141
2842 535
522 374
2511 1639
345 637
2184 697
2904 239
2199 982
275 714
2623 877
2274 296
2010 57
1657 2569
179 1248
2712 1621
1685 1105
419 2056
1033 3109
1932 31
968 1615
1762 2785
854 3299
3143 3243
1547 3086
2256 904
246 1493
3111 449
582 2556
294 1023
1410 2511
3200 3280
1094 2964
1346 494
73 2596
2602 300
1447 339
2212 2959
3092 765
2121 803
2472 1556
2872 1790
1189 2655
2944 1046
2219 724
770 1720
1243 2628
1368 2044
1471 1050
695 1084
167 1316
2195 3223
2620 2889
148 1903
1492 2333
956 111
1613 1466
2244 2497
1509 485
2932 2147
2421 1823
1605 72
2585 2146
2521 2439
2972 1838
2784 2633
2043 1840
137 1341
1234 2203
811 325
2248 1122
1245 2906
1544 678
1657 1290
705 3283
393 2212
660 179
373 1065
2991 1749
1899 2681
724 3182
235 3120
2794 1713
1814 2645
2845 586
433 3143
1562 717
2211 793
2684 1904
922 970
1213 1751
3179 3130
873 2747
6 796
3306 1106
1599 2912
2980 2632
1318 1268
581 2141
2989 2397
92 2972
2973 982
1980 1897
3187 736
2577 2942
2239 1477
1395 1512
454 1749
525 2379
874 2340
3179 2775
751 3212
280 1070
1918 2231
1582 1571
866 2592
1912 766
714 1702
1646 918
841 649
2068 2134
1550 2751
3189 848
1869 3269
1612 1501
2489 1303
2853 1596
1588 933
1131 628
3283 937
96 936
3206 1391
1044 431
156 2744
2384 1155
575 1602
65 797
1233 1463
967 497
1663 2978
1734 2792
726 568
2188 1685
1895 976
804 2779
260 1666
1945 631
744 2511
2619 2710
1366 2379
2393 1619
2105 601
579 1494
1016 464
2754 1025
3010 600
2611 2072
1697 1065
3320 2148
934 388
1536 1045
3014 2373
2212 1392
2647 3099
193 581
2688 2804
3109 1755
2840 2339
2945 396
628 2734
3272 841
1088 1390
103 2319
1943 1414
829 1418
478 2135
3248 2733
738 53
2558 2691
324 116
1173 2446
697 2793
547 1659
3001 2990
3292 2076
46 564
2260 2938
889 1015
1440 2616
1763 2307
585 2475
474 2343
177 3283
18 2456
1793 1395
2186 1674
3116 1908
362 1436
3132 392
1742 1775
2419 1133
445 1263
1001 1096
1692 263
2494 1192
3191 3239
2974 2309
2579 2086
3261 2348
2753 717
165 2985
946 2779
2163 1780
1514 3037
290 1574
930 220
101 1557
1599 1611
2047 682
2090 1070
609 1757
2275 2682
3274 2204
2128 1530
3202 3303
138 2654
709 424
2119 989
1737 487
413 2128
2447 2215
1854 2555
825 772
3240 1806
941 927
1390 3270
107 2597
1650 531
2810 1688
3001 3244
2347 2813
1440 1854
329 1658
3046 828
317 2182
1720 575
285 2632
1562 2752
1497 389
1443 1654
336 2016
2391 900
3161 662
2939 1980
878 1383
1743 2293
1059 3151
1728 1584
2076 1851
1025 2955
1311 2053
2647 3314
567 531
206 907
3018 864
1738 143
99 1256
226 2298
324 3257
2386 1934
963 444
1481 166
1968 3150
704 693
1861 2338
2183 2120
1511 2282
3193 1693
3183 1531
2451 250
2730 2863
3015 691
3260 475
1537 399
204 571
2193 20
955 123
915 1803
1874 3245
812 364
3025 3269
2925 2277
950 707
3157 495
1920 658
3191 991
2542 734
1007 690
641 3013
1712 586
702 529
1474 728
2269 114
2617 292
991 2619
109 318
1255 2441
3209 571
1289 1506
2880 1369
2720 3323
3240 2177
1382 2433
2210 3132
1322 1789
1147 670
1144 336
1788 656
3088 171
247 1717
2735 2030
2548 2922
1062 2532
3196 2464
1992 3279
2848 253
1604 2349
2386 1969
251 1685
3130 3299
1377 2261
1187 1346
656 1528
2937 1951
1528 2521
2369 2599
1654 1905
2938 3064
2498 1720
2806 18
2502 767
2614 3321
732 3154
2131 33
446 1241
249 2503
1261 1483
44 1372
1723 2422
688 836
2923 2418
257 3014
567 1852
2274 742
2259 3033
2182 1136
1553 3234
1916 1514
2083 3116
1166 1360
2752 3114
362 622
2933 2081
2752 3267
3299 1469
3006 214
1078 928
496 1413
161 2573
1136 2560
1945 2885
2753 1735
464 2946
659 1850
2736 2133
859 1128
1719 2879
924 1045
722 1738
607 1408
3244 105
2458 2269
1653 1317
2377 1837
1480 454
2253 2221
2334 1606
1445 2040
1666 2101
1378 3162
2709 2371
3288 522
3055 3078
1057 1612
2960 1440
631 83
1536 315
405 2659
346 1949
2450 2147
3320 445
1256 3107
2513 123
1657 2089
2213 3231
2671 872
2252 1537
1498 524
644 583
33 313
250 2576
671 853
2643 2607
1394 934
1962 1100
1878 2442
159 2706
901 528
2104 2737
617 483
1710 1397
2784 1273
232 521
378 1371
1514 1197
74 2259
3325 2333
1009 1040
1110 357
686 1141
547 1446
1869 1370
422 682
1040 2812
2486 763
1907 609
1856 66
661 522
259 2930
440 2566
1981 514
1528 1641
1772 624
1463 2088
2908 3199
92 1042
2114 3308
971 2243
740 2145
144 1749
1968 2376
1968 2933
1256 2532
1800 584
2780 1259
1197 554
3002 1867
1733 899
652 91
53 671
2611 766
697 406
2559 3321
222 2782
3171 2897
166 1823
612 554
3177 67
893 553
2663 1823
1688 824
3222 1807
1740 2613
1757 2815
723 1802
2192 2005
1114 1632
1608 1274
3154 2530
1673 1281
2678 1931
741 689
2958 528
928 2728
723 2206
153 1178
1516 507
415 791
759 3007
3296 214
19 2354
2092 752
2929 2133
3227 1377
2732 2326
1347 2605
1617 985
2336 2234
1256 2427
2557 3294
258 2682
1740 1248
128 1858
3020 1463
1351 212
2556 1785
1102 3214
685 2104
1265 1042
2198 1134
2122 2215
213 2883
954 46
1441 1480
352 1958
206 2970
1463 2365
3210 1171
1555 232
87 828
1833 152
2871 300
1253 1996
1468 3079
1390 2809
2604 1457
2247 2091
1690 498
349 1780
2280 531
1535 1267
159 2612
1407 1084
3239 887
3299 515
483 68
3183 620
240 1855
2021 3240
2650 2164
1122 1150
451 2997
2269 2153
2106 3105
2566 597
685 1936
2974 1542
2766 2623
1092 3257
3168 326
1678 235
54 789
1654 2735
2989 2197
2341 1186
2417 2427
2517 2756
2926 3189
1172 1185
2656 961
3054 2534
2249 1494
2000 2375
3292 2779
2400 1548
1879 1694
2874 1438
3158 556
699 747
1325 236
2262 413
2733 514
1733 361
874 2706
3205 1838
312 2700
1647 2047
876 2381
2376 862
262 2244
3232 9
2343 1682
2387 2768
904 2698
2602 2711
1874 315
1465 2372
2876 2638
2815 2084
974 142
282 1841
1967 1229
2708 2169
2535 1378
3212 1142
628 3276
1135 1687
830 2842
785 2467
667 825
1502 844
178 803
122 2762
1336 2196
1583 263
225 359
743 3123
2429 2929
3092 3302
396 1831
2061 2441
3031 3098
1691 2301
1917 2830
2502 1369
1511 2201
62 3126
2592 141
1010 1536
1961 361
436 3294
1150 1053
3254 1214
1249 3293
2607 3090
1645 3286
3093 1506
936 2236
1103 1735
919 793
609 1197
2336 38
751 3192
2854 1116
1671 866
3011 1078
2584 3233
2461 1502
2253 3149
2164 931
3219 3175
671 2399
814 2185
918 566
2470 2420
3325 2046
518 1791
1261 3178
3077 610
26 124
683 1935
2101 944
2997 1901
1231 87
1708 1892
1686 1618
43 2350
868 2645
1343 1939
1055 2555
2915 42
3053 1709
1447 366
805 1259
2785 4
1598 896
2431 3040
3306 922
429 1917
3278 125
211 210
603 2647
824 538
2180 1071
2188 2187
862 2436
999 2191
62 3315
2046 497
2658 1556
996 2834
1074 177
799 1720
3085 874
615 2011
1510 1929
156 1383
1299 107
1994 229
594 2230
553 1219
2058 1121
2483 2282
1479 283
2437 1490
119 512
1841 2662
1901 2898
1876 1821
649 2957
237 1242
1865 1428
2648 826
2353 236
1929 2520
1474 1971
2566 2815
925 1890
2875 1556
2608 714
2691 1109
1198 971
1817 3107
2317 1849
2821 2817
594 2534
797 2837
2398 1861
2437 983
2193 1225
1223 3113
1114 860
2518 918
1460 2609
283 780
676 333
1996 1512
2821 798
752 2233
1154 2294
3220 2657
2725 807
1079 1909
561 2727
3268 1731
1617 1213
1275 739
2391 2397
1671 2519
3095 1396
2710 2208
2687 2212
271 2303
1453 1102
1061 2627
2787 822
144 720
3053 2784
504 2633
87 2537
2585 3020
175 2119
1358 2441
2026 2720
2118 3194
2337 2081
1748 1965
2730 2309
1886 1424
2322 2674
153 1535
656 2940
1158 69
2028 734
2397 1087
808 928
1760 887
1590 1852
1265 2098
2308 2954
2078 996
1103 2529
2742 3201
672 1830
1887 177
193 2465
2400 335
2505 3266
1294 2782
1759 1480
314 445
2159 161
2811 1656
1263 49
2813 313
2826 1410
809 93
905 857
1694 1656
3038 609
2551 809
1232 2266
865 2083
1602 979
2465 752
1018 2747
262 1326
881 451
1420 237
2136 2099
1573 3192
1733 3057
266 3270
1208 2111
3157 1808
2379 3284
424 1514
562 2600
328 3264
1297 343
593 2534
2084 1257
1773 895
2399 2867
2975 1138
20 2961
744 266
136 1990
2801 2390
131 220
2622 2445
2102 1840
3045 2727
58 998
2433 1994
1220 1731
1927 2247
1601 662
1154 2696
2367 109
1923 2696
1377 1239
2756 680
2865 2396
78 2486
65 741
3299 2362
45 136
1752 2068
1410 3187
2048 633
881 1847
1350 938
523 3187
675 1478
1582 2222
3167 1678
1088 1770
1146 816
790 678
494 1850
3223 527
2089 229
563 2607
3271 1466
924 655
694 1274
3144 740
3285 2237
964 363
1659 1207
506 2722
876 1998
2617 612
2591 349
1542 270
318 744
1790 3093
2513 883
1506 482
1658 961
2089 344
2825 405
983 3142
1660 578
2692 507
525 111
955 2234
1153 1228
2958 3052
1562 3218
1101 1307
3204 987
1940 2522
802 262
3177 2535
1239 2230
3003 2122
3174 1933
1248 3295
3017 666
2292 690
1677 371
335 1777
1167 1816
1183 3088
1424 2056
1770 1263
1538 1276
1529 2909
2022 739
618 2953
2513 2931
1939 1571
699 1378
2763 1599
1516 1626
608 3143
2025 1194
1848 951
634 1294
2260 613
3217 84
1781 3319
2195 1934
157 2116
2767 1544
1839 950
1178 580
2424 2280
3163 2692
358 22
1111 9
1712 1746
2781 86
107 1040
1380 2529
2405 1371
1712 977
2869 2002
1476 816
1557 2991
544 2112
479 347
2729 409
1356 2882
3153 1658
947 862
2774 3111
2000 1274
770 1758
1431 1373
3054 3046
1065 3127
1169 1843
212 329
1904 3196
746 40
1007 2913
3295 2392
517 2560
1571 2926
958 1104
2797 1490
2473 1104
2825 1775
924 2335
1740 2067
1396 644
1473 3215
173 1235
186 2208
644 1916
1751 308
1083 34
305 2713
276 185
60 1852
2139 2894
1993 387
2219 3187
3269 1054
1715 463
1958 1630
3134 1347
3029 682
2927 1937
1484 2091
1723 273
1604 2899
1051 2912
516 30
1471 1795
1225 1702
1802 2474
2967 2574
142 1099
2721 2381
2363 634
882 242
831 2542
621 1845
3098 675
1274 299
2963 2235
3229 2211
2983 1121
52 2413
1668 267
2395 3320
911 1227
772 1541
1067 2482
2991 1556
2385 142
2563 1407
1800 775
1162 1103
1105 3188
1915 3063
1600 754
2968 1322
915 562
2352 1393
2150 2818
740 175
570 1935
2914 1104
2015 822
1049 382
467 942
3178 570
163 861
2250 1567
204 492
1645 3146
3179 2252
2500 1450
608 2141
841 2141
3081 1180
814 3211
2149 1295
2365 1374
3074 3298
2705 1965
1116 124
2153 2695
441 1295
2589 251
1462 1409
148 1164
2097 402
1513 2428
684 3140
783 2831
2479 1090
967 2050
887 1135
1721 309
1270 2663
1628 572
2987 2865
1175 3198
1441 2754
495 3242
2275 947
836 1654
2872 852
26 1277
867 2255
550 978
2136 231
2221 799
3021 2751
2033 1823
2593 309
868 2541
15 1248
807 1747
84 1676
3129 2155
1630 1726
2901 2594
3018 2939
2558 1841
1350 2605
2304 3130
626 3317
1946 576
315 1654
3093 1344
1837 475
3265 1414
2861 1815
2527 1749
2278 2815
1826 1018
1449 3223
2809 1254
1628 162
1442 602
2673 729
1900 493
1190 3216
1444 454
3181 281
1664 924
1636 313
31 798
1889 2385
1023 2482
1670 1288
1460 1925
3206 2401
1095 549
1619 1276
3177 1997
712 735
42 2374
1916 316
1839 386
1663 1753
1322 404
499 287
1142 1254
1718 432
2528 626
1642 3058
3049 2023
3255 2883
2295 2347
2200 1403
2112 520
993 688
1326 891
1644 2424
874 422
1839 788
1882 431
1507 2570
1521 3009
3145 1454
521 1144
3102 477
1353 1003
1358 1579
2669 3087
1838 369
1703 726
1501 2832
2762 1468
842 1742
2038 1784
1024 1857
2996 348
1332 1624
879 2309
2636 1829
1936 2898
2866 1153
1399 2431
1275 2867
3288 1430
2710 1499
2524 1666
216 2212
1312 280
1956 2532
1185 682
272 2775
1840 961
666 1778
200 14
3279 2988
2389 3202
1644 1230
3214 1414
1796 1090
1110 2638
2370 3033
2994 1108
3081 1632
591 873
2271 2019
1649 1932
1970 1697
2117 3007
571 1955
840 678
2372 2130
2849 1942
2560 1690
455 547
1530 2467
1908 2112
1237 717
1316 220
1164 1849
632 470
2339 849
125 1877
499 1934
826 1673
2111 450
704 1490
3098 1700
2711 479
2091 1834
3014 2010
263 2222
383 3041
1068 1343
2196 1170
1475 2509
932 1607
3237 462
2383 3122
3232 1774
1946 2192
582 141
1592 3027
98 195
1564 350
802 2807
3268 796
1804 411
1340 2057
2524 2771
3101 1674
2246 1596
175 3098
2869 2905
3164 161
3138 1167
312 3049
1195 1314
1717 2446
2020 1609
1414 483
1892 2735
2354 1037
462 178
957 2751
2841 3264
390 701
343 2428
3042 3032
321 950
2628 2759
2367 1449
3280 64
3180 1483
544 2086
2010 1519
318 1825
310 1425
59 701
1829 2234
2728 1656
3165 605
132 1399
779 457
2093 1547
3194 1836
838 2479
778 2688
1085 2499
1373 1003
1828 2873
1118 1977
2897 1501
1822 386
2125 3049
1932 2405
223 913
3050 1531
2679 2965
907 191
2863 2979
1267 185
227 2503
1872 3133
2226 1996
2027 2987
229 156
3205 2371
1448 164
3288 2050
344 251
2726 531
1114 3013
1493 2170
18 1369
3004 779
1719 1896
2733 2738
1258 2044
2522 957
1309 2239
999 368
1430 1033
1569 2495
3211 2072
3227 2670
711 713
1810 1903
346 807
1865 2050
2938 523
1567 2687
3242 427
1029 1529
1178 2123
3108 212
3230 1757
556 2151
1127 1727
2709 1006
1548 1052
302 2789
1301 2520
1572 2246
1433 3179
546 3178
1456 877
140 1237
2805 2792
1099 650
157 1923
829 619
1421 3140
2877 2996
242 2077
1159 1671
1890 2049
276 1911
1721 3277
1240 2332
1150 2447
862 1339
281 2884
2433 2108
2852 2462
2760 2404
2739 601
840 1317
3226 758
2900 2095
1386 821
2770 1645
54 2697
1114 1001
2911 2927
